0 0.114359375 0.8401288056206089 0.14228125 0.29833723653395783
0 0.17497656250000002 0.8542271662763465 0.022484375 0.04896955503512881
0 0.0320625 0.7554918032786886 0.063625 0.17028103044496487
0 0.011515625 0.6862529274004685 0.02303125 0.09297423887587823
0 0.34063281250000005 0.9524121779859485 0.038921875 0.09494145199063232
0 0.29219531249999997 0.924847775175644 0.017953125 0.051007025761124127
0 0.2 0.8733255269320842 0.0338125 0.08735362997658079
0 0.2592265625 0.9006206088992974 0.015515625 0.018337236533957847
0 0.025851562499999998 0.7685597189695551 0.050359375 0.10058548009367682
0 0.37209375 0.9736651053864168 0.01846875 0.04939110070257611
0 0.3022421875 0.9337470725995316 0.020234375 0.049836065573770495
0 0.2186875 0.8757494145199063 0.0189375 0.03749414519906324
0 0.062273437499999994 0.7670843091334894 0.048578125 0.10611241217798595
