0 0.5539531249999999 0.5197374179431072 0.48671875 0.9596498905908096
0 0.367234375 0.8544967177242888 0.16871875 0.2910065645514223
0 0.0364375 0.8320131291028445 0.072875 0.3359737417943107
0 0.9448593749999998 0.567035010940919 0.075875 0.3611597374179431
0 0.8186796874999999 0.8790700218818381 0.104078125 0.24185995623632386
0 0.8848125 0.5474617067833698 0.13768750000000002 0.40617067833698034
0 0.7784218749999999 0.5580306345733042 0.10049999999999999 0.4
0 0.20392968749999998 0.8354814004376367 0.146765625 0.3290371991247265
0 0.1253984375 0.75472647702407 0.064671875 0.1063019693654267
0 0.9848984374999998 0.44284463894967174 0.030203124999999997 0.09129102844638949
