0 0.54065625 0.41909836065573774 0.26821875 0.7154332552693209
0 0.7035859375 0.13334894613583137 0.055359375 0.15236533957845433
0 0.7769296875 0.17115925058548012 0.061140625000000004 0.12002341920374707
0 0.8413984375 0.15899297423887587 0.073265625 0.12871194379391102
0 0.8807812499999998 0.14043325526932085 0.0469375 0.1348711943793911
0 0.8077499999999999 0.05951990632318501 0.0724375 0.11903981264637002
0 0.6345078125000001 0.06717798594847775 0.074578125 0.1313583138173302
0 0.574390625 0.06707259953161593 0.05759375 0.13058548009367682
0 0.3379609375 0.026124121779859486 0.067515625 0.05192037470725996
0 0.5200781250000001 0.05881733021077284 0.053031249999999995 0.11557377049180328
0 0.9087031250000001 0.17004683840749416 0.06046875 0.11733021077283373
0 0.872109375 0.06151053864168619 0.056437499999999995 0.12269320843091334
0 0.051671875 0.30696721311475406 0.10334375 0.3735128805620609
0 0.49921875 0.18149882903981265 0.9984375 0.3629976580796253
