0 0.846484375 0.5416666666666666 0.224625 0.7071912013536379
0 0.73075 0.3734263959390863 0.097375 0.21967851099830799
0 0.680140625 0.3493993231810491 0.0939375 0.26313028764805413
0 0.6246484375 0.2592131979695431 0.068984375 0.13592216582064298
0 0.493375 0.37058375634517765 0.09684374999999999 0.22197969543147208
0 0.496 0.2672673434856176 0.0699375 0.10983079526226734
0 0.5267734375 0.436269035532995 0.07179687500000001 0.13642978003384093
0 0.45269531249999995 0.48645516074450085 0.087953125 0.08282571912013537
0 0.084234375 0.4953468697123519 0.094875 0.13715736040609136
0 0.25959374999999996 0.3132656514382403 0.08462499999999999 0.127005076142132
0 0.7179921874999999 0.19663282571912014 0.07470312500000001 0.12358714043993232
0 0.5846015625 0.3408629441624365 0.10801562499999999 0.24710659898477155
0 0.2577109375 0.2245346869712352 0.042265625 0.07072758037225042
0 0.334375 0.3553299492385787 0.625 0.2808798646362098
