0 0.19687344913151367 0.8493671875000001 0.04039702233250621 0.102703125
0 0.1257320099255583 0.8650390625 0.07538461538461538 0.168671875
0 0.9789081885856079 0.8321484375000001 0.038461538461538464 0.078171875
0 0.9365260545905706 0.8383359375000001 0.03389578163771712 0.078515625
0 0.8693672456575682 0.8314843749999999 0.029553349875930522 0.0636875
0 0.03892059553349876 0.8510312499999999 0.07133995037220843 0.11599999999999999
0 0.9017741935483872 0.8307890625000001 0.039280397022332506 0.077265625
0 0.2668610421836228 0.8268203125 0.02096774193548387 0.060109375
0 0.28760545905707197 0.81840625 0.03178660049627792 0.0685625
0 0.458424317617866 0.8235078124999999 0.0590818858560794 0.067109375
0 0.07379652605459057 0.8049609375 0.02029776674937965 0.039046874999999995
0 0.31284119106699754 0.8134609375 0.026823821339950375 0.044328125
0 0.29280397022332505 0.8515625 0.5856079404466501 0.15625
