0 0.7616171875 0.7776401869158878 0.027296874999999998 0.07280373831775701
0 0.7388359375 0.7691004672897197 0.021015625 0.0930607476635514
0 0.6899296875 0.7682242990654206 0.022015625 0.10434579439252335
0 0.14532812499999997 0.8994509345794391 0.0404375 0.12834112149532712
0 0.08821875 0.938411214953271 0.0450625 0.12317757009345794
0 0.5927265625 0.7878154205607477 0.022015625 0.06717289719626168
0 0.2938984375 0.7814485981308411 0.031078125 0.10261682242990655
0 0.32435937499999995 0.8104205607476636 0.023875 0.03785046728971962
0 0.8028515625000001 0.7672196261682243 0.027765625 0.09158878504672897
0 0.8747343750000001 0.7695794392523364 0.02253125 0.10107476635514018
0 0.2598671875 0.7879205607476636 0.025703125 0.09668224299065421
0 0.7094609375 0.7732126168224299 0.022921875 0.08764018691588785
0 0.307328125 0.8128271028037383 0.01003125 0.036214953271028034
