0 0.240359375 0.5245770065075922 0.17534375 0.3199566160520607
0 0.9328515625000001 0.5184381778741866 0.047515625 0.14702819956616053
0 0.8183671875 0.45376355748373104 0.007546875 0.020151843817787417
0 0.7331875 0.4956724511930586 0.0391875 0.05737527114967462
0 0.6197421875 0.4888286334056399 0.027421875000000002 0.07809110629067245
0 0.5815546875 0.4802060737527115 0.022078125 0.08904555314533621
0 0.541015625 0.4642082429501085 0.02590625 0.03700650759219089
0 0.8950546875000001 0.48967462039045556 0.033859375000000004 0.08425162689804773
0 0.8604531249999999 0.49552060737527115 0.030156250000000002 0.10878524945770064
0 0.49553125 0.45264642082429496 0.02421875 0.03960954446854664
0 0.7902968749999999 0.4846095444685467 0.056937499999999995 0.09563991323210413
0 0.141359375 0.42558568329718005 0.017781250000000002 0.06982646420824294
0 0.068921875 0.40391540130151843 0.01825 0.03594360086767896
0 0.50078125 0.49891540130151846 0.9890625 0.2646420824295011
