0 0.2587890625 0.3864836448598131 0.07223437499999999 0.15661214953271027
0 0.692640625 0.4226752336448598 0.01584375 0.026004672897196265
0 0.8451640625 0.414964953271028 0.035203125 0.05801401869158878
0 0.9763359375 0.4497897196261682 0.046890625000000005 0.19163551401869158
0 0.1996328125 0.4156658878504673 0.028984375 0.06792056074766355
0 0.32909375 0.42549065420560744 0.027687499999999997 0.07289719626168224
0 0.80628125 0.4145443925233645 0.034 0.056471962616822434
0 0.6527109375 0.41204439252336456 0.032234374999999996 0.056331775700934575
0 0.46535937499999996 0.40225467289719624 0.0119375 0.017873831775700934
0 0.49243750000000003 0.39552570093457945 0.016718749999999998 0.025257009345794394
0 0.44258593749999997 0.4189953271028038 0.022203125 0.053130841121495326
0 0.21463281250000002 0.4039135514018692 0.025671875 0.055116822429906544
0 0.6794296875000001 0.4154789719626168 0.024765625 0.05539719626168225
