0 0.0343125 0.1501875 0.068625 0.20341666666666666
0 0.2779296875 0.8582395833333334 0.254328125 0.28352083333333333
0 0.440328125 0.7981979166666666 0.18743749999999998 0.40360416666666665
0 0.5448046875 0.716375 0.154671875 0.5672499999999999
0 0.909546875 0.8651666666666668 0.18090625 0.26066666666666666
0 0.7314999999999999 0.22758333333333336 0.144625 0.320625
0 0.8223437500000002 0.15941666666666668 0.17209375 0.316375
0 0.9277578125 0.2743958333333333 0.127359375 0.28179166666666666
0 0.8941015625000001 0.52471875 0.13314062499999998 0.28539583333333335
0 0.8377421875 0.7153125 0.190171875 0.5693750000000001
0 0.0393125 0.4399270833333333 0.0779375 0.21097916666666666
0 0.754265625 0.4404270833333334 0.10421875 0.2576041666666667
0 0.038578125000000005 0.733375 0.07715625000000001 0.376375
0 0.49921875 0.49895833333333334 0.9984375 0.9979166666666667
