0 0.9352117647058824 0.907265625 0.11225882352941177 0.18546875000000002
0 0.8090941176470589 0.9017265625 0.08505882352941176 0.161921875
0 0.8670705882352941 0.8235781249999998 0.022282352941176472 0.021249999999999998
0 0.7563058823529412 0.8450703125000001 0.03769411764705882 0.051578124999999996
0 0.5326235294117646 0.8294296875 0.031082352941176474 0.052671875
0 0.42457647058823533 0.9275859375 0.06628235294117647 0.076296875
0 0.24257647058823528 0.8834296875 0.05710588235294117 0.173171875
0 0.04810588235294118 0.8243750000000001 0.01767058823529412 0.014093749999999999
0 0.556364705882353 0.8391953124999999 0.04552941176470589 0.058328124999999995
0 0.5765176470588236 0.8358437500000001 0.02456470588235294 0.06284375
0 0.7049764705882353 0.8402968749999999 0.02567058823529412 0.061406249999999996
0 0.6851999999999999 0.840625 0.03689411764705882 0.058812500000000004
0 0.9825176470588235 0.8452343750000001 0.034729411764705884 0.0448125
0 0.4964705882352941 0.8375 0.9882352941176471 0.084375
