0 0.6556200000000001 0.6618 0.21236000000000002 0.6539466666666667
0 0.163 0.6993333333333334 0.09628 0.3738666666666666
0 0.42634000000000005 0.6888133333333334 0.09996 0.3773066666666667
0 0.32155 0.63212 0.09602 0.314
0 0.85626 0.7067333333333333 0.16056 0.46680000000000005
0 0.029810000000000003 0.661 0.055020000000000006 0.3133066666666667
0 0.01955 0.7324133333333332 0.0391 0.39682666666666666
0 0.79042 0.5203066666666667 0.022600000000000002 0.052346666666666666
0 0.75571 0.6325866666666666 0.06445999999999999 0.33968
0 0.5340900000000001 0.6809333333333333 0.09442 0.37434666666666666
