0 0.5564218750000001 0.48773958333333334 0.23615624999999998 0.5803125
0 0.4227578125 0.3657083333333333 0.187453125 0.40241666666666664
0 0.36496874999999995 0.34878125 0.05921875 0.2456458333333333
0 0.2518046875 0.29432291666666666 0.089515625 0.1463125
0 0.18 0.2857291666666667 0.045906249999999996 0.07920833333333334
0 0.316984375 0.32365625 0.03640625 0.16518750000000001
0 0.7637109375000001 0.2951041666666666 0.046453125 0.05291666666666666
0 0.32884375 0.28434375 0.0249375 0.0919375
0 0.2756328125 0.2505729166666667 0.017390625 0.030520833333333334
0 0.9021640625 0.28310416666666666 0.029921874999999997 0.08033333333333334
0 0.206484375 0.3149375 0.02946875 0.11691666666666665
0 0.1280546875 0.28280208333333334 0.024328125 0.04847916666666666
0 0.22801562499999997 0.25799999999999995 0.02328125 0.03758333333333333
0 0.5578125 0.29270833333333335 0.825 0.10208333333333333
