0 0.29002343750000004 0.5765807962529275 0.42976562500000004 0.8468384074941453
0 0.569734375 0.6235948477751756 0.26687500000000003 0.730327868852459
0 0.7685625 0.6404332552693209 0.1460625 0.7191334894613582
0 0.8800859375 0.5973770491803279 0.11095312500000001 0.6427166276346604
0 0.1573828125 0.6565573770491804 0.216109375 0.6644028103044496
0 0.1744453125 0.31747072599531617 0.13764062500000002 0.19939110070257612
0 0.8008046875 0.34263466042154567 0.075890625 0.22854800936768152
0 0.6453828125000001 0.3898594847775176 0.11585937500000001 0.41976580796252927
0 0.956234375 0.6542271662763467 0.08753125 0.6015690866510539
0 0.46928125000000004 0.3696604215456674 0.04796875 0.16405152224824354
0 0.9693671875 0.3092388758782202 0.043265625 0.03857142857142857
0 0.2506484375 0.41625292740046843 0.085828125 0.23447306791569086
0 0.6654375 0.30179156908665106 0.06096875 0.11201405152224823
0 0.49921875 0.6112412177985949 0.9984375 0.7447306791569087
