0 0.7095703125 0.61864896073903 0.085578125 0.20547344110854504
0 0.6448203125 0.6061200923787529 0.096421875 0.12678983833718244
0 0.5541328125 0.5963163972286374 0.064609375 0.1746189376443418
0 0.5862265625 0.3275750577367206 0.057484375 0.20364896073903005
0 0.643265625 0.27214780600461896 0.033187499999999995 0.1161662817551963
0 0.8492421875 0.2603233256351039 0.043546875 0.12836027713625867
0 0.9023359375 0.2512471131639723 0.043109375 0.12577367205542725
0 0.9616718750000001 0.24830254041570438 0.04328125 0.12524249422632794
0 0.814703125 0.06207852193995381 0.03725 0.05551963048498845
0 0.6984765625 0.26704387990762124 0.042796875 0.1525173210161663
0 0.1163828125 0.13003464203233256 0.039734375 0.07369515011547344
0 0.24696875000000001 0.2752078521939954 0.0443125 0.06704387990762126
0 0.27576562499999996 0.27045034642032334 0.04015625 0.05882217090069284
0 0.49609375 0.2090069284064665 0.9921875 0.418013856812933
