0 0.131390625 0.6296713615023475 0.0739375 0.2608920187793427
0 0.405875 0.5260446009389671 0.031968750000000004 0.07316901408450704
0 0.7961484375000001 0.5217370892018779 0.022421875 0.09873239436619718
0 0.21867187500000002 0.5640610328638498 0.029656250000000002 0.11760563380281691
0 0.273703125 0.5539201877934272 0.02053125 0.09741784037558686
0 0.186140625 0.5433450704225352 0.0113125 0.06908450704225352
0 0.1709765625 0.566338028169014 0.027171875 0.11727699530516432
0 0.44699999999999995 0.5415258215962441 0.0213125 0.09830985915492958
0 0.1525546875 0.6243427230046947 0.022703124999999998 0.20859154929577464
0 0.06841406250000001 0.5673474178403756 0.034859375 0.13793427230046948
0 0.094671875 0.5285211267605633 0.01428125 0.05169014084507042
0 0.0271484375 0.7739671361502347 0.054296875 0.3519248826291079
0 0.41004687500000003 0.6162206572769953 0.0424375 0.12417840375586854
0 0.47734375 0.5575117370892019 0.9546875 0.21830985915492956
