0 0.5500941176470588 0.4065625 0.03623529411764706 0.0204375
0 0.3446235294117647 0.3538515625 0.009670588235294118 0.027109375
0 0.32557647058823524 0.35773437500000005 0.012705882352941178 0.04353125
0 0.2893882352941176 0.3461796875 0.01647058823529412 0.030859375
0 0.8708470588235294 0.34564843749999996 0.02381176470588235 0.042921875
0 0.9029882352941176 0.34683593749999997 0.01981176470588235 0.043734375
0 0.9157294117647059 0.3413203125 0.021529411764705884 0.039140625
0 0.7159176470588235 0.2663828125 0.017952941176470588 0.024203125
0 0.8271529411764706 0.290609375 0.01783529411764706 0.0335625
0 0.7787882352941176 0.2582578125 0.013623529411764706 0.016859375
0 0.30307058823529415 0.343609375 0.021529411764705884 0.0319375
0 0.9779411764705882 0.34483593749999997 0.018611764705882352 0.043828125
0 0.9893176470588235 0.34246875 0.01388235294117647 0.0395625
0 0.6270588235294118 0.275 0.4823529411764706 0.10625
