0 0.11831 0.8633466666666667 0.07178 0.26525333333333334
0 0.28279000000000004 0.8889733333333334 0.11242 0.22205333333333332
0 0.16666 0.8685733333333333 0.07135999999999999 0.2587466666666667
0 0.48297 0.8791333333333332 0.03234 0.13378666666666666
0 0.37986000000000003 0.9120533333333333 0.04996 0.17082666666666668
0 0.5127 0.8795866666666666 0.03096 0.12274666666666667
0 0.20726000000000003 0.8755066666666667 0.024480000000000002 0.17938666666666667
0 0.3225 0.8318266666666667 0.019960000000000002 0.048933333333333336
0 0.023149999999999997 0.8814666666666667 0.045899999999999996 0.21242666666666665
0 0.6815399999999999 0.8356933333333333 0.01636 0.029626666666666666
0 0.05845999999999999 0.85588 0.0728 0.22093333333333331
