0 0.7103359375 0.8124270833333334 0.051671875 0.13635416666666667
0 0.9016093749999999 0.8333645833333333 0.04496875 0.17847916666666666
0 0.5533125 0.8243125 0.05953125 0.10733333333333334
0 0.5813671874999999 0.8182500000000001 0.042671875 0.10795833333333334
0 0.872859375 0.7670520833333333 0.0379375 0.0656875
0 0.7525546875 0.7876666666666666 0.031078125 0.12554166666666666
0 0.9188750000000001 0.7695416666666667 0.02015625 0.06883333333333333
0 0.6508671875 0.7585833333333333 0.020265625000000002 0.05533333333333333
0 0.9465312499999999 0.7842604166666667 0.024531249999999998 0.08672916666666668
0 0.27828125 0.7598437499999999 0.024906249999999998 0.043270833333333335
0 0.93278125 0.75690625 0.0088125 0.023770833333333335
0 0.7794375 0.77215625 0.0173125 0.08277083333333332
