0 0.942859375 0.6117495219885277 0.08384375 0.3132122370936902
0 0.6720234374999999 0.39363288718929257 0.099453125 0.4375525812619503
0 0.5782578125000001 0.28530592734225624 0.098953125 0.21653919694072657
0 0.5338359375 0.547074569789675 0.20214062500000002 0.5052772466539197
0 0.8502421874999999 0.5393307839388146 0.139578125 0.5348374760994264
0 0.383171875 0.5057648183556405 0.11750000000000001 0.4460229445506692
0 0.2993203125 0.5227533460803059 0.114390625 0.46313575525812617
0 0.7199375 0.5012906309751434 0.16371875 0.5219311663479924
0 0.48462500000000003 0.504206500956023 0.09328125000000001 0.469980879541109
0 0.20934375 0.5314627151051626 0.124875 0.5280879541108987
0 0.097109375 0.5392351816443595 0.17221875 0.6748757170172084
0 0.485921875 0.27674952198852776 0.09146875 0.17564053537284896
