0 0.8993984375 0.2004498714652956 0.027390625000000002 0.10136246786632391
0 0.20665624999999999 0.4408354755784062 0.09203125 0.3028020565552699
0 0.04303125 0.40786632390745503 0.075125 0.31233933161953725
0 0.13150781250000002 0.36547557840616973 0.064046875 0.24663239074550128
0 0.311734375 0.321426735218509 0.0245 0.11467866323907455
0 0.188078125 0.2034961439588689 0.022 0.055784061696658095
0 0.36238281250000004 0.421413881748072 0.10748437500000001 0.25105398457583544
0 0.5010859375 0.43727506426735224 0.10345312499999999 0.25922879177377894
0 0.383484375 0.38726221079691514 0.050093750000000006 0.12316195372750642
0 0.9305078124999999 0.46179948586118247 0.067234375 0.22334190231362466
0 0.7246796874999999 0.3369794344473008 0.023140625 0.1167866323907455
0 0.24434375 0.33137532133676095 0.08475 0.17406169665809768
0 0.5754453125 0.4372493573264782 0.076265625 0.22159383033419025
0 0.4515625 0.2609254498714653 0.84375 0.3264781491002571
