0 0.8675937499999999 0.6370742358078602 0.094875 0.3078602620087336
0 0.531640625 0.4955021834061135 0.09334375 0.2209170305676856
0 0.10997656249999999 0.5144868995633187 0.117921875 0.22534934497816592
0 0.2311171875 0.458711790393013 0.101296875 0.18729257641921399
0 0.7665078125 0.4843231441048035 0.097890625 0.17489082969432312
0 0.24239843749999998 0.2293231441048035 0.058421875 0.128471615720524
0 0.13103125 0.24425764192139737 0.053968749999999996 0.09615720524017467
0 0.08728125 0.2616703056768559 0.04453125 0.07989082969432315
0 0.36893750000000003 0.20661572052401747 0.04265625 0.09296943231441047
0 0.4330625 0.24137554585152837 0.0381875 0.08611353711790393
0 0.0520859375 0.26218340611353713 0.032296875 0.06982532751091704
0 0.0146484375 0.2715938864628821 0.028515625 0.05296943231441048
0 0.3925546875 0.25280567685589517 0.037140625 0.06382096069868996
0 0.5 0.18340611353711792 0.996875 0.3624454148471616
