0 0.319578125 0.565807962529274 0.07090625 0.28304449648711943
0 0.474078125 0.48482435597189694 0.054468749999999996 0.05480093676814988
0 0.6624296875 0.5612060889929742 0.102515625 0.3892974238875878
0 0.57346875 0.5488758782201405 0.094625 0.34318501170960186
0 0.2100859375 0.5043091334894614 0.028609375 0.04871194379391101
0 0.3674140625 0.5257728337236534 0.032390625 0.12274004683840749
0 0.4294296875 0.491463700234192 0.045546875 0.05889929742388758
0 0.24890625000000002 0.5155854800936768 0.04546875 0.05641686182669789
0 0.2317421875 0.4981733021077283 0.024359375 0.05812646370023419
0 0.869453125 0.4524707259953162 0.02840625 0.03932084309133489
0 0.5146875 0.486440281030445 0.01859375 0.030679156908665104
0 0.8072734374999999 0.4691686182669789 0.071765625 0.04152224824355972
0 0.9500624999999999 0.43576112412177986 0.0478125 0.08042154566744732
0 0.24296875 0.5058548009367682 0.3578125 0.10772833723653395
