0 0.22372656249999995 0.3135912240184757 0.016546875 0.040577367205542725
0 0.3377265625 0.2881062355658199 0.009609375 0.01907621247113164
0 0.1964609375 0.3295842956120092 0.024296875000000002 0.05016166281755196
0 0.16596093750000002 0.32488452655889144 0.014296875 0.03581986143187067
0 0.15121875 0.3303464203233256 0.016625 0.030808314087759817
0 0.25051562499999996 0.32490762124711314 0.01046875 0.03046189376443418
0 0.2984765625 0.2896766743648961 0.009046875 0.040138568129330254
0 0.311359375 0.286189376443418 0.0195 0.04083140877598152
0 0.4367109375 0.2485219399538106 0.011578125 0.020831408775981525
0 0.2381875 0.32038106235565816 0.01553125 0.02094688221709007
0 0.2500078125 0.3013394919168591 0.012921875 0.03228637413394919
0 0.37463281249999997 0.2712933025404157 0.011859375 0.022078521939953813
0 0.2633046875 0.3105773672055427 0.011609375 0.01976905311778291
0 0.32890625 0.2852193995381062 0.3234375 0.13625866050808313
