0 0.5695234375 0.7158878504672896 0.05292187499999999 0.16705607476635514
0 0.43956249999999997 0.698855140186916 0.08125 0.2194859813084112
0 0.3859921875 0.8354322429906542 0.140890625 0.3291355140186916
0 0.4101875 0.5953971962616822 0.022593750000000003 0.027757009345794396
0 0.04417187499999999 0.7616238317757008 0.060125 0.2886682242990654
0 0.0799375 0.5897079439252336 0.017656250000000002 0.08217289719626168
0 0.12023437499999998 0.5949883177570093 0.02496875 0.1011448598130841
0 0.6084375 0.6891588785046728 0.0383125 0.22102803738317756
0 0.10013281249999999 0.7273714953271028 0.050578124999999995 0.19619158878504672
0 0.45778125000000003 0.5827219626168224 0.0215 0.10633177570093458
0 0.4917109375 0.7075817757009346 0.047671875 0.12203271028037382
0 0.7147109374999999 0.57875 0.029328125 0.13922897196261683
0 0.026125 0.7178037383177571 0.043 0.22808411214953273
0 0.515625 0.633177570093458 0.9375 0.35514018691588783
