0 0.7385859375000001 0.5641897654584223 0.236015625 0.7432622601279317
0 0.21489843749999998 0.5707889125799573 0.334296875 0.7460554371002132
0 0.8186484374999999 0.23494669509594882 0.024734375 0.03748400852878465
0 0.6584531250000001 0.23464818763326226 0.01125 0.02818763326226013
0 0.3994296875 0.2229637526652452 0.010328125 0.025501066098081025
0 0.2841328125 0.21695095948827292 0.006796874999999999 0.03867803837953092
0 0.420203125 0.23749466950959489 0.0189375 0.04603411513859275
0 0.014000000000000002 0.21189765458422177 0.012875000000000001 0.047292110874200426
0 0.6839609375 0.24054371002132197 0.006734374999999999 0.016396588486140725
0 0.6919609375 0.08835820895522388 0.015265625 0.042899786780383795
0 0.43703906249999996 0.2291684434968017 0.008578125 0.01791044776119403
0 0.79609375 0.07995735607675906 0.4046875 0.07462686567164178
