0 0.34569086651053865 0.5241328125 0.5571428571428572 0.867984375
0 0.6603395784543324 0.31853125 0.1699063231850117 0.155
0 0.7384309133489462 0.2855078125 0.1191569086651054 0.112359375
0 0.8538173302107728 0.3196484375 0.15278688524590162 0.182171875
0 0.9220960187353631 0.2905234375 0.12021077283372365 0.129359375
0 0.820480093676815 0.4134609375 0.1982903981264637 0.18070312500000002
0 0.5867564402810305 0.42142187500000006 0.16386416861826697 0.11346875000000001
0 0.9535831381733021 0.38938281249999995 0.09283372365339579 0.162328125
0 0.9110538641686182 0.44151562499999997 0.12060889929742388 0.07153125
0 0.9667096018735363 0.23196093749999996 0.0665807962529274 0.154140625
0 0.7258313817330211 0.37932031250000003 0.11362997658079627 0.10670312500000001
0 0.5193208430913349 0.4041640624999999 0.06932084309133489 0.11785937500000002
0 0.807142857142857 0.2065859375 0.14088992974238876 0.139921875
0 0.49882903981264637 0.25234375 0.9976580796252927 0.5046875
