0 0.5682343750000001 0.5112412177985949 0.33284375 0.5910070257611242
0 0.8969375000000002 0.3943911007025761 0.17134375 0.508360655737705
0 0.9542890625 0.593255269320843 0.091421875 0.6202341920374707
0 0.6571796875 0.20715456674473068 0.059578125 0.1119672131147541
0 0.6086640625 0.18639344262295082 0.048578125 0.060468384074941456
0 0.5064843750000001 0.23026932084309135 0.05596875 0.12714285714285714
0 0.48949218750000006 0.2259953161592506 0.027453125000000002 0.1355503512880562
0 0.3032734375 0.3739344262295082 0.139328125 0.3726932084309133
0 0.12275 0.3640866510538641 0.09396875 0.3306088992974239
0 0.0442265625 0.46403981264637006 0.08545312499999999 0.27192037470725994
0 0.3304296875 0.24959016393442623 0.049578125 0.042084309133489456
