0 0.1407109375 0.44372222222222224 0.031953125 0.162
0 0.915375 0.24676388888888887 0.028000000000000004 0.04725000000000001
0 0.4585 0.2683888888888889 0.0246875 0.09355555555555556
0 0.5206015625 0.3075 0.017359375 0.06927777777777779
0 0.574109375 0.3343888888888889 0.02421875 0.06205555555555556
0 0.55215625 0.3295138888888889 0.020499999999999997 0.07836111111111112
0 0.11774218750000001 0.4540833333333334 0.029453125000000004 0.18966666666666668
0 0.9385468750000001 0.33761111111111114 0.03071875 0.08255555555555555
0 0.773734375 0.3203472222222222 0.02353125 0.05291666666666667
0 0.9004765625 0.33929166666666666 0.031671875 0.08597222222222221
0 0.9289609375 0.3292222222222222 0.025859375 0.09322222222222223
0 0.7466796875 0.36113888888888884 0.033546875 0.10683333333333334
0 0.6190546875 0.368375 0.054109375 0.14975
0 0.51953125 0.5694444444444444 0.9578125 0.8555555555555555
