0 0.39536458333333335 0.6323515625 0.2366875 0.361421875
0 0.30629166666666663 0.7537812500000001 0.025291666666666667 0.06046875
0 0.27575000000000005 0.7732109375 0.04583333333333333 0.043171875
0 0.5613124999999999 0.7897968750000001 0.03866666666666666 0.06443750000000001
0 0.03660416666666667 0.705984375 0.010791666666666666 0.0224375
0 0.59984375 0.7992265625 0.0501875 0.041578125
0 0.7325208333333334 0.7975390625000001 0.05279166666666667 0.05404687500000001
0 0.6893854166666666 0.700390625 0.008604166666666666 0.0255625
0 0.08941666666666667 0.758515625 0.043250000000000004 0.05659375
0 0.7231770833333333 0.6996953125 0.012645833333333334 0.021015625
0 0.057041666666666664 0.7046796875 0.01891666666666667 0.031203124999999998
0 0.6115833333333334 0.7065390625 0.008791666666666666 0.013828125
0 0.59921875 0.702828125 0.0160625 0.02175
