0 0.2297890625 0.5697916666666667 0.10795312500000001 0.28362499999999996
0 0.0607421875 0.47782291666666665 0.041140625 0.13035416666666666
0 0.51565625 0.47053124999999996 0.0610625 0.09297916666666667
0 0.6367265625 0.47028125 0.066734375 0.08218750000000001
0 0.6445000000000001 0.4224895833333333 0.035125 0.08985416666666667
0 0.7229296875 0.4648229166666667 0.054921874999999995 0.08022916666666666
0 0.6944921875000001 0.46536458333333336 0.058984375 0.07972916666666667
0 0.7963671875 0.4665625 0.062921875 0.08195833333333334
0 0.8217265625 0.4391875 0.026109375 0.043083333333333335
0 0.9071875 0.46090625 0.04475 0.06352083333333333
0 0.924984375 0.43282291666666667 0.0200625 0.0259375
0 0.7517734375 0.443125 0.033828125 0.03704166666666667
0 0.39315625 0.41084375 0.01534375 0.02272916666666667
0 0.89609375 0.39895833333333336 0.2046875 0.13958333333333334
