0 0.533875 0.7661098130841121 0.13540625 0.23670560747663552
0 0.610609375 0.712091121495327 0.03103125 0.1358177570093458
0 0.780375 0.7093107476635515 0.02584375 0.15259345794392523
0 0.8567734375 0.6961331775700934 0.045953125 0.18478971962616822
0 0.418 0.6705490654205608 0.039 0.09404205607476636
0 0.6401796875000001 0.6982943925233644 0.040984375 0.1672897196261682
0 0.6710546875000001 0.6900350467289719 0.044859375 0.1749299065420561
0 0.68275 0.6988668224299066 0.043375000000000004 0.161892523364486
0 0.7021796874999999 0.7013434579439252 0.025484374999999997 0.15488317757009348
0 0.7867109375 0.6329322429906542 0.034140625 0.08254672897196261
0 0.8067109374999999 0.7032593457943925 0.040578125 0.16651869158878504
0 0.889046875 0.7105957943925233 0.03309375 0.15983644859813084
0 0.7214140625 0.694158878504673 0.021765625 0.17200934579439253
0 0.5 0.6950934579439252 0.996875 0.25934579439252337
