0 0.213484375 0.2022421875 0.37753125 0.391015625
0 0.5026875000000001 0.719765625 0.13978125 0.16171875
0 0.1194140625 0.523765625 0.158421875 0.15075
0 0.10307812499999999 0.90346875 0.195125 0.1899375
0 0.5101093750000001 0.89453125 0.17528125 0.18875
0 0.103375 0.6988749999999999 0.19775 0.20675
0 0.296578125 0.7212421874999999 0.18565625 0.168015625
0 0.7117109375 0.30377343749999997 0.176421875 0.188109375
0 0.302015625 0.9047734375 0.1933125 0.185015625
0 0.82246875 0.79453125 0.3550625 0.38428125
0 0.31760937499999997 0.5125078125 0.1526875 0.174265625
0 0.49953906249999996 0.5021093750000001 0.198015625 0.20096875
0 0.5056328125 0.30473437499999995 0.194359375 0.19096875
