0 0.273078125 0.2751873536299766 0.11374999999999999 0.3306088992974239
0 0.6951796874999999 0.41119437939110065 0.14070312499999998 0.41723653395784543
0 0.9322890625000001 0.534695550351288 0.135421875 0.6203512880562061
0 0.5233515625 0.27059718969555036 0.054640625 0.15894613583138176
0 0.1440859375 0.264672131147541 0.21717187500000001 0.5237236533957845
0 0.9088515625 0.3203161592505855 0.064609375 0.22105386416861827
0 0.611828125 0.29249414519906325 0.03121875 0.10892271662763466
0 0.578828125 0.27156908665105384 0.034999999999999996 0.11953161592505855
0 0.49283593750000004 0.24750585480093673 0.027296874999999998 0.0801639344262295
0 0.30809375 0.2466510538641686 0.01509375 0.06791569086651054
