0 0.588828125 0.49483490566037736 0.20096875 0.3330188679245283
0 0.50984375 0.46955188679245274 0.040999999999999995 0.18566037735849056
0 0.3141484375 0.574316037735849 0.252171875 0.2942924528301887
0 0.1490859375 0.48931603773584903 0.16795312499999998 0.4403301886792453
0 0.7814921875 0.4768160377358491 0.024796875 0.09679245283018868
0 0.9011093750000001 0.4820872641509434 0.04328125 0.12931603773584904
0 0.9824531249999999 0.4799764150943396 0.018687500000000003 0.06660377358490566
0 0.838515625 0.4981132075471698 0.026875 0.05150943396226415
0 0.7047734375 0.46301886792452834 0.018609375 0.06641509433962264
0 0.5920078125000001 0.4598113207547169 0.022765625 0.11858490566037735
0 0.3206015625 0.47261792452830187 0.020734375 0.06358490566037736
0 0.2133671875 0.4797287735849057 0.014921875000000001 0.058561320754716976
