0 0.40442968749999997 0.5191480891719745 0.424328125 0.8017993630573248
0 0.7060546875 0.2795700636942675 0.105328125 0.09296178343949045
0 0.7311953124999999 0.20367834394904458 0.028765625 0.10022292993630573
0 0.8450546875 0.24795382165605095 0.063953125 0.057722929936305734
0 0.8944609375000001 0.22395700636942678 0.051828125 0.1460668789808917
0 0.9194140624999999 0.20399681528662417 0.019609375000000002 0.04426751592356688
0 0.9428515625000001 0.20847133757961786 0.045640625000000004 0.04334394904458599
0 0.7731015625 0.28980095541401274 0.056484374999999996 0.08921974522292994
0 0.6578359375 0.2370700636942675 0.024890625 0.037802547770700634
0 0.9730624999999999 0.1814808917197452 0.028625 0.08888535031847133
0 0.54296875 0.26108280254777066 0.08984375 0.011592356687898089
