0 0.8288046874999999 0.28894791666666664 0.053171875 0.2011875
0 0.30772656249999997 0.11290625 0.022671875 0.036187500000000004
0 0.32775 0.11427083333333332 0.0206875 0.034
0 0.12352343749999999 0.09827083333333334 0.047890625 0.06383333333333334
0 0.818234375 0.51665625 0.1254375 0.2553125
0 0.9548359374999998 0.2745520833333333 0.067328125 0.19539583333333335
0 0.286078125 0.10820833333333332 0.026625 0.039749999999999994
0 0.41028906249999997 0.11802083333333332 0.021734375 0.03675
0 0.3919453125 0.11715625 0.016109375000000002 0.0318125
0 0.0389609375 0.09557291666666666 0.033203125 0.05664583333333333
0 0.15061718750000003 0.10560416666666667 0.027234374999999998 0.05595833333333333
0 0.5256406250000001 0.3516145833333333 0.0464375 0.13352083333333334
0 0.19453125 0.1 0.3859375 0.07916666666666666
