0 0.4595546875 0.7039066059225513 0.16214062499999998 0.3764692482915718
0 0.3012421875 0.702881548974943 0.104203125 0.23738041002277904
0 0.279734375 0.4276651480637813 0.09281249999999999 0.23815489749430524
0 0.22942187499999997 0.760125284738041 0.20546875 0.46621867881548973
0 0.61321875 0.6235307517084283 0.1253125 0.23785876993166288
0 0.4102578125 0.6464009111617312 0.119109375 0.20783599088838267
0 0.86265625 0.600888382687927 0.20296875 0.19958997722095673
0 0.576625 0.5804555808656037 0.07321875 0.18350797266514807
0 0.2700234375 0.6233712984054669 0.053671875 0.18095671981776765
0 0.1335390625 0.4655694760820046 0.014578125 0.04908883826879271
0 0.9341406250000001 0.44097949886104787 0.0118125 0.07421412300683371
0 0.8678359375 0.4405353075170843 0.012078125 0.06161731207289294
0 0.8695703124999999 0.5599886104783599 0.08101562500000001 0.14763097949886106
