0 0.32409374999999996 0.8388997214484679 0.0878125 0.32030640668523674
0 0.09523437500000001 0.8768384401114205 0.106375 0.2463231197771588
0 0.9115234375 0.8603621169916434 0.059390624999999996 0.25899721448467966
0 0.513421875 0.8645125348189415 0.07746875 0.2665181058495822
0 0.6795234375 0.8424930362116991 0.106671875 0.2930640668523677
0 0.8514921875000001 0.8561838440111421 0.05923437499999999 0.2606685236768802
0 0.72003125 0.8736490250696378 0.042812499999999996 0.23415041782729806
0 0.814515625 0.8795682451253481 0.06687499999999999 0.24086350974930362
0 0.190765625 0.8586768802228412 0.048 0.28264623955431756
0 0.7736562499999999 0.7985933147632311 0.040125 0.08303621169916434
0 0.982421875 0.9079387186629527 0.021718750000000002 0.1332033426183844
0 0.3639765625 0.9016713091922005 0.043484375 0.19665738161559887
0 0.2447734375 0.7653203342618384 0.016046875 0.04629526462395543
0 0.49921875 0.7103064066852368 0.9984375 0.5738161559888579
