0 0.4842734374999999 0.6044847775175645 0.06298437500000001 0.24269320843091333
0 0.6529453125 0.6974824355971897 0.05248437500000001 0.24943793911007026
0 0.707671875 0.7157377049180328 0.07796875 0.2943793911007026
0 0.6677265625 0.4701639344262295 0.034578125 0.23278688524590166
0 0.5272734375000001 0.4990983606557377 0.050890625 0.22985948477751758
0 0.3477578125 0.40783372365339576 0.064078125 0.22100702576112413
0 0.26807812500000006 0.4442271662763466 0.047531250000000004 0.21271662763466043
0 0.23589843750000003 0.13190866510538643 0.028671875000000003 0.05168618266978923
0 0.72825 0.49639344262295076 0.038906249999999996 0.23981264637002342
0 0.036046875 0.6572599531615926 0.07209375 0.1936768149882904
0 0.87203125 0.516791569086651 0.0523125 0.2469320843091335
