0 0.09128125000000001 0.9824413145539905 0.01278125 0.03375586854460094
0 0.12364843749999999 0.9854460093896714 0.022421875 0.02892018779342723
0 0.16016406249999998 0.9805046948356807 0.015234375 0.03899061032863849
0 0.3571875 0.9587910798122066 0.01190625 0.05321596244131456
0 0.24914062500000003 0.976349765258216 0.0268125 0.047018779342723006
0 0.2935546875 0.9600352112676057 0.004828125 0.018380281690140846
0 0.34217968749999994 0.9775352112676057 0.011171875000000001 0.04220657276995305
0 0.39937500000000004 0.9724295774647889 0.014124999999999999 0.04974178403755869
0 0.480125 0.9844131455399061 0.0063750000000000005 0.02901408450704225
0 0.20425 0.9385446009389671 0.007593750000000001 0.023004694835680753
0 0.5857890625 0.9813615023474178 0.012984375000000001 0.03727699530516432
0 0.36505468750000003 0.9650234741784038 0.004171875 0.020704225352112676
0 0.4421875 0.681924882629108 0.884375 0.6314553990610329
