0 0.89455 0.2821978021978022 0.02886 0.1365934065934066
0 0.9410299999999999 0.2796978021978022 0.05102 0.1632967032967033
0 0.9855300000000001 0.25864010989010994 0.01038 0.09843406593406592
0 0.9210999999999999 0.2766208791208791 0.025079999999999998 0.14252747252747253
0 0.97222 0.26490384615384616 0.020640000000000002 0.1087087912087912
0 0.9924599999999999 0.2682142857142857 0.01508 0.10791208791208791
0 0.84937 0.24120879120879124 0.027579999999999997 0.04813186813186813
0 0.72674 0.2178296703296703 0.00908 0.03934065934065934
0 0.8724299999999999 0.2681181318681319 0.0221 0.09046703296703297
0 0.8225 0.23554945054945056 0.018879999999999997 0.01620879120879121
