0 0.34971874999999997 0.5752693208430913 0.02078125 0.09288056206088992
0 0.28664843749999996 0.572576112412178 0.017328125 0.09110070257611241
0 0.29996093749999997 0.5764754098360656 0.013796875 0.0739344262295082
0 0.3619921875 0.5718735362997658 0.012390624999999999 0.0882903981264637
0 0.9551171875 0.5597072599531616 0.016765625 0.04700234192037471
0 0.25879687500000004 0.5707142857142857 0.017249999999999998 0.08461358313817331
0 0.27189062500000005 0.5742271662763466 0.01921875 0.08784543325526932
0 0.313953125 0.5774473067915691 0.0170625 0.08651053864168617
0 0.9918671874999999 0.5828337236533958 0.014828125000000001 0.08918032786885245
0 0.8412890624999999 0.578231850117096 0.009890625 0.04484777517564403
0 0.7885390625 0.5765690866510539 0.009578125 0.046627634660421545
0 0.9138125 0.5933138173302108 0.0155 0.061803278688524595
0 0.331046875 0.577377049180328 0.02059375 0.08398126463700234
0 0.86640625 0.5796252927400468 0.2359375 0.053864168618266976
