0 0.5266875 0.6213541666666667 0.44662499999999994 0.7348333333333333
0 0.27809375000000003 0.67415625 0.26965625000000004 0.5797708333333333
0 0.7635546874999999 0.38003125000000004 0.11495312499999999 0.1955208333333333
0 0.7827968750000001 0.5035937500000001 0.15303125 0.3744375
0 0.437984375 0.3375833333333333 0.09678125 0.2524166666666667
0 0.916828125 0.5795625 0.0314375 0.08383333333333334
0 0.89515625 0.6636666666666666 0.051468749999999994 0.06225
0 0.5968984374999999 0.38138541666666664 0.147296875 0.24547916666666666
0 0.074109375 0.6671250000000001 0.14471875 0.6209166666666667
0 0.9106875000000001 0.39939583333333334 0.049125 0.2655416666666667
