0 0.10419014084507043 0.9002265625 0.03922535211267606 0.07670312500000001
0 0.13732394366197184 0.9059531249999999 0.030704225352112677 0.06728125
0 0.5803755868544601 0.8389296875000001 0.033380281690140845 0.062703125
0 0.047382629107981224 0.8966328125 0.03147887323943662 0.070609375
0 0.2892253521126761 0.896046875 0.04478873239436619 0.07703125
0 0.24499999999999997 0.8943046875 0.04835680751173709 0.071984375
0 0.42684272300469484 0.8956406249999999 0.042699530516431924 0.0724375
0 0.5203755868544601 0.7946640625 0.03248826291079812 0.053296875
0 0.47687793427230046 0.8895859375 0.03446009389671362 0.069046875
0 0.2971478873239437 0.8591484375 0.024342723004694835 0.033484375
0 0.30840375586854457 0.836078125 0.04596244131455399 0.0373125
0 0.16167840375586853 0.9059843750000001 0.022089201877934273 0.06675
0 0.3154342723004695 0.8779609374999999 0.027582159624413145 0.038046875
0 0.4495305164319249 0.7703125 0.7816901408450704 0.3375
