0 0.91984375 0.34734375 0.11385416666666666 0.33034375
0 0.7156458333333333 0.2522265625 0.07087500000000001 0.10735937499999999
0 0.6564270833333334 0.29503124999999997 0.08664583333333334 0.11590625000000002
0 0.2809375 0.26344531250000003 0.05383333333333333 0.049671875
0 0.3091770833333333 0.306734375 0.0874375 0.1256875
0 0.13429166666666664 0.2958984375 0.24604166666666666 0.23757812500000003
0 0.4833020833333333 0.2826171875 0.050812500000000003 0.145578125
0 0.20912500000000003 0.2561796875 0.030000000000000002 0.042296875
0 0.40855208333333337 0.26478124999999997 0.14189583333333333 0.167875
0 0.37921875 0.24816406249999998 0.0519375 0.055515625
0 0.8185833333333333 0.26818749999999997 0.07391666666666666 0.10246875
