0 0.6178046875 0.31585280373831776 0.056640625 0.10983644859813084
0 0.5755312499999999 0.3173364485981308 0.04746875 0.09084112149532711
0 0.41183593749999997 0.5288200934579439 0.08785937499999999 0.13212616822429907
0 0.5246328125 0.32123831775700934 0.055984374999999996 0.06897196261682242
0 0.6156640625 0.5686331775700935 0.029421874999999997 0.08207943925233646
0 0.5696562500000001 0.5919042056074767 0.07221875 0.054696261682242994
0 0.4978359375 0.5693574766355141 0.064296875 0.12521028037383178
0 0.5016171875 0.32042056074766356 0.036609375 0.0569626168224299
0 0.5500468749999999 0.30994158878504674 0.02096875 0.032453271028037384
0 0.6383984375 0.587570093457944 0.038453125 0.07995327102803738
0 0.6407812500000001 0.5602453271028037 0.028625 0.07535046728971963
0 0.646 0.3465420560747664 0.01340625 0.040093457943925236
