0 0.3653203125 0.4094246861924686 0.11073437500000001 0.20361924686192467
0 0.20308593749999998 0.6213493723849373 0.325609375 0.725836820083682
0 0.142703125 0.33780334728033473 0.037593749999999995 0.07163179916317992
0 0.3067890625 0.3237866108786611 0.034140625 0.109581589958159
0 0.17731249999999998 0.3387238493723849 0.01690625 0.04405857740585774
0 0.121265625 0.3256066945606695 0.018312500000000002 0.03631799163179916
0 0.07875 0.3657217573221757 0.06603125 0.08131799163179916
0 0.5450859375 0.5360983263598327 0.279671875 0.49328451882845187
0 0.033078125 0.6527301255230126 0.06525 0.2658786610878661
0 0.037453125 0.3276778242677824 0.0225 0.029916317991631802
0 0.785640625 0.3925627615062761 0.207375 0.266673640167364
0 0.18362499999999998 0.3603347280334728 0.038593749999999996 0.08464435146443515
