0 0.921890625 0.6349063231850117 0.02590625 0.09519906323185011
0 0.492875 0.6052107728337237 0.0061875 0.03117096018735363
0 0.317859375 0.6182435597189695 0.0116875 0.015925058548009366
0 0.37918749999999996 0.6237939110070257 0.02553125 0.03798594847775175
0 0.87340625 0.6191569086651054 0.01840625 0.0394847775175644
0 0.80771875 0.6286533957845434 0.0155 0.031733021077283374
0 0.30720312499999997 0.6178220140515222 0.00996875 0.015362997658079624
0 0.6927421875 0.610503512880562 0.008546874999999999 0.012014051522248242
0 0.9431171875000001 0.618864168618267 0.014828125000000001 0.012950819672131148
0 0.542984375 0.6101873536299764 0.003125 0.015644028103044497
0 0.977921875 0.6222014051522249 0.010437499999999999 0.016346604215456674
