0 0.287578125 0.36307511737089204 0.06315625 0.13732394366197184
0 0.47192187500000005 0.3936267605633803 0.1280625 0.13819248826291078
0 0.8135781249999999 0.22307511737089203 0.05421875 0.25464788732394367
0 0.923125 0.2501291079812207 0.0575625 0.25683098591549297
0 0.455046875 0.36876760563380284 0.06653125 0.17340375586854462
0 0.33725 0.37158450704225354 0.076875 0.17326291079812206
0 0.8826718750000001 0.26316901408450705 0.06621875 0.26854460093896715
0 0.022250000000000002 0.32550469483568073 0.025406250000000002 0.07237089201877935
0 0.6615624999999999 0.2761619718309859 0.02890625 0.11537558685446009
0 0.2294453125 0.3740258215962441 0.070421875 0.1677699530516432
0 0.8738046875000001 0.10836854460093896 0.057109375 0.1021830985915493
0 0.060484375 0.3167018779342723 0.0390625 0.08312206572769952
