0 0.6566953125 0.3666346153846154 0.19332812500000002 0.7313461538461539
0 0.041999999999999996 0.12888221153846155 0.08399999999999999 0.25569711538461537
0 0.7303359374999999 0.3674158653846154 0.128546875 0.7258413461538461
0 0.544828125 0.43820913461538463 0.13146875 0.5797836538461538
0 0.353484375 0.15055288461538463 0.2249375 0.2966346153846154
0 0.446890625 0.33745192307692307 0.14221875 0.6749038461538461
0 0.9239921875 0.36457932692307693 0.151578125 0.7264663461538461
0 0.2042421875 0.16347355769230767 0.110578125 0.32694711538461535
0 0.0585546875 0.35924278846153845 0.117109375 0.7117067307692307
0 0.973421875 0.36735576923076924 0.05315625 0.7347115384615385
0 0.18363281250000002 0.17290865384615386 0.131171875 0.1614423076923077
