0 0.166125 0.79441351888668 0.0381875 0.11427435387673955
0 0.2861640625 0.7360337972166997 0.015671875 0.04228628230616302
0 0.4512421875 0.7391550695825049 0.032140625 0.029880715705765407
0 0.9257890625 0.7171272365805169 0.037578125000000004 0.051153081510934395
0 0.870734375 0.7253180914512922 0.03703125 0.04324055666003976
0 0.5374453125 0.5384592445328031 0.013828125 0.01966202783300199
0 0.5915234375 0.5392644135188867 0.009421875 0.0378131212723658
0 0.8726875 0.7250099403578529 0.03153125 0.039642147117296224
0 0.9858828125000001 0.49870775347912527 0.026484374999999998 0.03475149105367793
0 0.369765625 0.7382107355864811 0.027218750000000003 0.03900596421471173
0 0.49717968749999997 0.7399005964214712 0.033984375 0.030019880715705764
0 0.3184765625 0.5347316103379722 0.019640625000000002 0.023538767395626242
0 0.7363515625 0.5151590457256461 0.019921875 0.05254473161033797
0 0.5 0.6441351888667992 0.996875 0.46123260437375746
