0 0.2418515625 0.8217916666666667 0.08932812500000001 0.305625
0 0.273015625 0.7182916666666668 0.134 0.24920833333333334
0 0.7483124999999999 0.3817604166666666 0.02703125 0.11710416666666666
0 0.329328125 0.5598333333333334 0.053000000000000005 0.220875
0 0.9932109375 0.4075208333333334 0.013578125 0.13254166666666667
0 0.9133671875000001 0.8180729166666667 0.085390625 0.33664583333333337
0 0.5695 0.8243229166666667 0.08959375 0.34660416666666666
0 0.0398046875 0.8163645833333334 0.078984375 0.30093749999999997
0 0.748234375 0.8125 0.0990625 0.35379166666666667
0 0.5337421874999999 0.5486458333333334 0.055921874999999996 0.222
0 0.270421875 0.5679375 0.05990625000000001 0.19766666666666666
