0 0.46534375 0.4688645833333333 0.3725 0.8732291666666666
0 0.563609375 0.47971874999999997 0.34709375 0.7283958333333334
0 0.6876953125 0.47478125000000004 0.295328125 0.6081458333333334
0 0.8073046875 0.6078645833333333 0.370796875 0.6943958333333333
0 0.36994531249999996 0.32965625000000004 0.241015625 0.6516875
0 0.1820234375 0.52584375 0.266296875 0.7146041666666666
0 0.85565625 0.5700833333333333 0.2886875 0.5966666666666666
0 0.866484375 0.26976041666666667 0.047625 0.13177083333333334
0 0.831828125 0.24577083333333333 0.052875000000000005 0.2177916666666667
0 0.7131015625 0.12104166666666667 0.052578124999999996 0.060708333333333336
0 0.2352578125 0.18278125 0.198109375 0.3490625
