0 0.72590625 0.6249583333333334 0.0168125 0.03766666666666666
0 0.8924687500000001 0.64034375 0.04553125 0.07877083333333333
0 0.4041953125 0.6442604166666667 0.038109375 0.06010416666666667
0 0.68225 0.6315624999999999 0.0429375 0.0785
0 0.7522656249999999 0.6413958333333334 0.045 0.07808333333333332
0 0.8410546875 0.65590625 0.028515625 0.08972916666666667
0 0.9140078125000001 0.5993958333333332 0.024578125 0.06429166666666666
0 0.9534375 0.64478125 0.053093749999999995 0.07264583333333333
0 0.9902968750000001 0.6123333333333334 0.01940625 0.06325
0 0.9284062499999999 0.6451770833333332 0.02359375 0.07331249999999999
0 0.8693984375000001 0.6416875 0.026015624999999997 0.07241666666666666
0 0.81621875 0.6473229166666667 0.01603125 0.04597916666666667
0 0.76484375 0.6000520833333334 0.14584375 0.07235416666666666
0 0.49921875 0.5166666666666667 0.9984375 0.575
