0 0.10106250000000001 0.7873020833333333 0.06365625 0.23552083333333332
0 0.6463671875 0.7350104166666667 0.026859375 0.0830625
0 0.5973437500000001 0.7224270833333333 0.0204375 0.06985416666666668
0 0.514046875 0.7398125 0.033937499999999995 0.07033333333333333
0 0.7665703125000001 0.7284479166666666 0.019671875 0.09014583333333334
0 0.6716015625 0.7006354166666667 0.023765625000000002 0.025145833333333333
0 0.8485156249999999 0.7224479166666666 0.018375 0.07039583333333334
0 0.8092500000000001 0.7396145833333334 0.025031249999999998 0.0470625
0 0.5245312500000001 0.7116666666666667 0.01028125 0.024874999999999998
0 0.717921875 0.72534375 0.01365625 0.0404375
0 0.94628125 0.7460729166666666 0.0156875 0.024562499999999998
