0 0.28738281250000003 0.7394042056074766 0.048390625 0.08731308411214952
0 0.30464843750000004 0.7313434579439252 0.040203125 0.08063084112149532
0 0.211515625 0.750070093457944 0.0319375 0.10065420560747664
0 0.341703125 0.7158528037383177 0.03584375 0.07156542056074766
0 0.3630078125 0.6763084112149532 0.020078125 0.035046728971962614
0 0.3750703125 0.6946728971962617 0.025234374999999996 0.06836448598130841
0 0.390359375 0.665782710280374 0.0171875 0.05184579439252337
0 0.403859375 0.6767289719626168 0.029125 0.0669626168224299
0 0.9240546875 0.5123831775700934 0.019578125 0.054065420560747667
0 0.325765625 0.7031775700934579 0.02325 0.06485981308411215
0 0.57678125 0.5713901869158878 0.00825 0.01796728971962617
0 0.5734296875 0.5776401869158878 0.011734375 0.018411214953271027
0 0.609109375 0.5550233644859812 0.00975 0.02135514018691589
0 0.61640625 0.5677570093457944 0.6046875 0.27102803738317754
