0 0.520140625 0.31020833333333336 0.07175000000000001 0.09566666666666666
0 0.65309375 0.3842708333333334 0.10618749999999999 0.14383333333333334
0 0.42692968750000004 0.3174895833333334 0.081078125 0.12972916666666667
0 0.5528046875 0.63259375 0.182015625 0.6179791666666666
0 0.14749218749999998 0.30826041666666665 0.082171875 0.08997916666666667
0 0.20465624999999998 0.2660208333333333 0.07765625000000001 0.15145833333333333
0 0.30274999999999996 0.26559375 0.08821875 0.14647916666666666
0 0.4002109375 0.265625 0.095484375 0.17925000000000002
0 0.32775781249999997 0.16619791666666667 0.086171875 0.14010416666666667
0 0.2417109375 0.30496874999999996 0.075984375 0.09614583333333333
0 0.32096093750000004 0.31190625 0.073890625 0.0863125
0 0.6640546875 0.286 0.105265625 0.15716666666666665
0 0.550453125 0.26236458333333335 0.07390624999999999 0.15397916666666667
0 0.49921875 0.34479166666666666 0.9984375 0.6895833333333333
