0 0.6743828125 0.5475363825363826 0.11370312499999999 0.3696673596673597
0 0.40620312499999994 0.4790748440748441 0.033187499999999995 0.07523908523908523
0 0.28524218749999997 0.48177754677754675 0.018484375 0.06667359667359668
0 0.822265625 0.5134719334719335 0.01959375 0.05064449064449064
0 0.1843671875 0.5036798336798336 0.013515625 0.08735966735966737
0 0.3407265625 0.4964033264033264 0.032640625 0.07492723492723492
0 0.3025 0.498960498960499 0.01925 0.06952182952182952
0 0.9273281250000001 0.5154054054054054 0.0171875 0.02972972972972973
0 0.5746171875 0.5006860706860706 0.024609375 0.053970893970893975
0 0.242765625 0.5262370062370062 0.017468749999999998 0.06112266112266112
0 0.912109375 0.595072765072765 0.03225 0.07625779625779626
0 0.27135156250000003 0.49510395010395014 0.014234374999999999 0.02937629937629938
0 0.31965625 0.5146153846153846 0.014656250000000001 0.035343035343035345
