0 0.5472187500000001 0.6868359375 0.30031250000000004 0.33332812500000003
0 0.6156979166666667 0.41857812499999997 0.03410416666666667 0.04840625
0 0.7861770833333334 0.377328125 0.09310416666666667 0.10175000000000001
0 0.8694895833333334 0.415984375 0.09297916666666667 0.07425000000000001
0 0.9516354166666666 0.41475 0.07635416666666667 0.0689375
0 0.701875 0.37191406250000003 0.06741666666666667 0.086234375
0 0.5529375000000001 0.3613515625 0.050958333333333335 0.090515625
0 0.5983958333333333 0.48817187500000003 0.10879166666666666 0.14134375
0 0.8733854166666666 0.446671875 0.07739583333333333 0.06828125
0 0.7168645833333332 0.4529453125 0.09097916666666667 0.068234375
0 0.6494479166666667 0.4391015625 0.07414583333333334 0.084671875
0 0.5777395833333333 0.38791406250000005 0.06702083333333334 0.087484375
0 0.5319375 0.42357031250000005 0.06866666666666667 0.093453125
0 0.49895833333333334 0.30078125 0.9979166666666667 0.6015625
