0 0.2019296875 0.6041197183098592 0.113671875 0.593262910798122
0 0.28314062500000003 0.668661971830986 0.133125 0.6507511737089202
0 0.370171875 0.45767605633802816 0.09003125 0.2702816901408451
0 0.5335234375 0.5222183098591549 0.080828125 0.33913145539906103
0 0.7103671874999999 0.6298591549295774 0.207515625 0.7402816901408451
0 0.4417890625 0.4520892018779343 0.066953125 0.16737089201877933
0 0.8286640625 0.5471830985915493 0.083765625 0.36629107981220654
0 0.9118046874999999 0.419612676056338 0.041015625 0.18683098591549296
0 0.9079374999999998 0.578650234741784 0.11068750000000001 0.5056103286384976
0 0.62359375 0.38842723004694835 0.06375 0.07690140845070421
0 0.783125 0.47902582159624413 0.05940625000000001 0.2644366197183099
