0 0.52303125 0.8138668224299065 0.049312499999999995 0.1849766355140187
0 0.5635390625000001 0.8142523364485982 0.044078125 0.1507943925233645
0 0.6549609375000001 0.8131892523364485 0.033796875 0.16721962616822428
0 0.7367109375 0.8176051401869159 0.041859375 0.16198598130841121
0 0.797296875 0.8265303738317757 0.06921875 0.20432242990654206
0 0.961890625 0.8239369158878505 0.0464375 0.17703271028037382
0 0.2750859375 0.8109228971962616 0.026453125 0.22436915887850467
0 0.41824218750000003 0.8189485981308411 0.064265625 0.17742990654205607
0 0.1150625 0.795373831775701 0.042375 0.10429906542056075
0 0.3687578125 0.7088551401869159 0.012546874999999999 0.01995327102803738
0 0.1385546875 0.7951869158878505 0.023734375 0.0858411214953271
0 0.715046875 0.8239602803738317 0.06553125 0.1791355140186916
0 0.7594921875 0.7961915887850467 0.035796875 0.15457943925233644
0 0.44140625 0.5922897196261683 0.8828125 0.7453271028037384
