0 0.37559859154929576 0.42840625 0.23429577464788734 0.26915625
0 0.29361502347417845 0.66075 0.3887793427230047 0.383625
0 0.6178990610328638 0.6831250000000001 0.05232394366197183 0.06515625
0 0.40848591549295776 0.7416250000000001 0.10030516431924882 0.0780625
0 0.12416666666666666 0.695671875 0.03706572769953052 0.05171875
0 0.7698943661971831 0.695078125 0.052793427230046944 0.04315625
0 0.5040492957746479 0.693375 0.06025821596244132 0.04771875
0 0.4270305164319249 0.6599843750000001 0.05232394366197183 0.07865625000000001
0 0.5021948356807511 0.61328125 0.05068075117370892 0.059281249999999994
0 0.7990727699530518 0.6919609375 0.03626760563380282 0.043234375000000005
0 0.5904929577464789 0.735265625 0.06596244131455399 0.0496875
0 0.699518779342723 0.70009375 0.043544600938967136 0.04121875
0 0.46629107981220663 0.6666093750000001 0.04234741784037559 0.03896875
0 0.5 0.6609375 0.9953051643192489 0.278125
