0 0.1720859375 0.8513749999999999 0.062890625 0.14458333333333334
0 0.24129687500000002 0.8428229166666666 0.045906249999999996 0.17760416666666667
0 0.2668203125 0.8365729166666667 0.029796875 0.12722916666666667
0 0.33687500000000004 0.8387708333333334 0.03990625 0.19941666666666666
0 0.47622656250000006 0.8338333333333333 0.033359375000000004 0.17345833333333335
0 0.556671875 0.8340625 0.019875 0.15075
0 0.6354140625 0.8300104166666668 0.046734375 0.15935416666666666
0 0.5283515624999999 0.8293541666666666 0.055171875 0.16104166666666667
0 0.594609375 0.8353854166666667 0.036125000000000004 0.14197916666666668
0 0.6153984375 0.8374166666666667 0.018734375 0.13787500000000003
0 0.7280546875 0.82709375 0.042203125 0.15847916666666664
0 0.8395078125 0.8288958333333334 0.051359375 0.15083333333333335
0 0.40182031250000005 0.8540104166666667 0.039234375 0.1633125
0 0.5671875 0.8385416666666666 0.6 0.16458333333333333
