0 0.10294 0.7336526946107784 0.03056 0.10107784431137724
0 0.26099 0.7304491017964072 0.02366 0.10053892215568862
0 0.35975 0.7321107784431138 0.023780000000000003 0.12775449101796407
0 0.5022099999999999 0.7738473053892216 0.051859999999999996 0.22230538922155688
0 0.584 0.7181137724550898 0.03576 0.1081437125748503
0 0.7141 0.7336526946107784 0.04884 0.16137724550898203
0 0.8380700000000001 0.7705838323353293 0.019940000000000003 0.08092814371257485
0 0.77809 0.8070508982035929 0.09082 0.287874251497006
0 0.8873 0.8084131736526946 0.07276 0.2673053892215569
0 0.94052 0.8145508982035928 0.04828 0.3035329341317365
0 0.97361 0.7884580838323354 0.05278 0.32763473053892217
0 0.64154 0.7834730538922156 0.03 0.1434131736526946
0 0.43918 0.7488023952095808 0.017839999999999998 0.08059880239520958
0 0.464 0.7035928143712575 0.912 0.1497005988023952
