0 0.5959765625 0.6202224824355973 0.172421875 0.7550585480093678
0 0.5970390625 0.39930913348946134 0.20001562499999997 0.7986182669789227
0 0.7301015625 0.2989344262295082 0.093640625 0.2150585480093677
0 0.741078125 0.18238875878220143 0.02121875 0.03297423887587822
0 0.7998125 0.24468384074941452 0.04478125 0.07742388758782202
0 0.8498515625000002 0.24529274004683843 0.044015625 0.10477751756440282
0 0.281875 0.5426932084309134 0.269875 0.8831381733021078
0 0.486421875 0.22763466042154565 0.04478125 0.16585480093676813
0 0.20614062500000002 0.22914519906323186 0.055874999999999994 0.1579625292740047
0 0.9169921875 0.5011241217798594 0.166015625 0.9774707259953161
0 0.7827656249999999 0.20692037470725996 0.061343749999999996 0.10953161592505856
0 0.8273203125 0.22182669789227166 0.031953125 0.12847775175644027
0 0.880078125 0.21326697892271665 0.0348125 0.07037470725995316
0 0.50234375 0.35714285714285715 0.7953125 0.49882903981264637
