0 0.24450999999999998 0.5851951951951953 0.3367 0.4848048048048048
0 0.63607 0.48052552552552547 0.14966 0.49438438438438437
0 0.7890600000000001 0.5039789789789789 0.15116 0.3978678678678679
0 0.87178 0.5539339339339339 0.18708000000000002 0.3168768768768769
0 0.9494300000000001 0.19187687687687688 0.07822 0.12843843843843844
0 0.9343400000000001 0.1286936936936937 0.082 0.18105105105105104
0 0.51486 0.15346846846846848 0.10448 0.17246246246246247
0 0.43282000000000004 0.1591291291291291 0.0902 0.15663663663663663
0 0.28889 0.31468468468468463 0.08662 0.1224024024024024
0 0.32648 0.16891891891891891 0.09756000000000001 0.15231231231231232
0 0.85373 0.2986936936936937 0.09214 0.15030030030030028
0 0.23679 0.22674174174174172 0.07518000000000001 0.1728828828828829
0 0.13176 0.14644144144144144 0.1318 0.1764864864864865
0 0.499 0.33783783783783783 0.998 0.6756756756756757
