0 0.832203125 0.5407500000000001 0.02346875 0.07040625
0 0.0594921875 0.6547578125 0.021828125 0.081859375
0 0.797515625 0.571015625 0.007656250000000001 0.012375
0 0.7767734374999999 0.572453125 0.013859374999999998 0.017906250000000002
0 0.5061328125 0.6567109375 0.030515625 0.073609375
0 0.9713593749999999 0.5204531250000001 0.0208125 0.034875
0 0.9548671875 0.520109375 0.023546875000000002 0.03765625
0 0.6708046875 0.615140625 0.007359375 0.01221875
0 0.9164687499999999 0.518796875 0.030093750000000002 0.057406250000000006
0 0.6621640625 0.616578125 0.009890625 0.01259375
0 0.7892890625000001 0.5721640625 0.0073281250000000004 0.013484375000000002
