0 0.6262266355140187 0.537796875 0.5350700934579439 0.63975
0 0.16685747663551403 0.317765625 0.11483644859813084 0.08659375
0 0.2782359813084112 0.3255703125 0.16343457943925235 0.106546875
0 0.32572429906542055 0.3323828125 0.07724299065420562 0.084328125
0 0.34751168224299067 0.305703125 0.044042056074766356 0.06803125
0 0.16373831775700934 0.259625 0.04098130841121495 0.04415625
0 0.8861331775700935 0.3646328125 0.09179906542056075 0.069578125
0 0.24386682242990654 0.261765625 0.042453271028037386 0.043875
0 0.293481308411215 0.24207812499999998 0.06158878504672897 0.057843750000000006
0 0.9552453271028036 0.39953906250000004 0.0891822429906542 0.10104687500000001
0 0.659357476635514 0.334546875 0.12782710280373832 0.10165625
0 0.06552570093457945 0.36966406249999995 0.1310514018691589 0.092140625
0 0.12745327102803738 0.3476953125 0.15658878504672896 0.110546875
0 0.5 0.32421875 0.9953271028037384 0.6484375
