0 0.6905703125 0.5856323185011709 0.054171875 0.1721545667447307
0 0.7734453125 0.6798946135831382 0.085546875 0.28072599531615927
0 0.8798515625000001 0.7740866510538641 0.156765625 0.4518266978922717
0 0.30060937499999996 0.7809016393442623 0.238375 0.4157142857142857
0 0.3418203125 0.6318384074941451 0.10023437500000001 0.24662763466042156
0 0.38221875 0.628208430913349 0.03903125 0.19351288056206087
0 0.42055468749999997 0.5994379391100703 0.049484375000000004 0.1640281030444965
0 0.6321484374999999 0.5324707259953161 0.034578125 0.10747072599531617
0 0.47309375 0.5482084309133489 0.05846875 0.10517564402810303
0 0.7154843750000001 0.6303629976580797 0.08940624999999999 0.23655737704918034
0 0.65615625 0.5624590163934426 0.0481875 0.1469320843091335
0 0.4392656250000001 0.5466627634660421 0.028625 0.1313583138173302
