0 0.7206875 0.4261770833333333 0.22521874999999997 0.8170625
0 0.80084375 0.5651770833333333 0.39831249999999996 0.8471875
0 0.6359921875000001 0.43683333333333335 0.137109375 0.50775
0 0.1841171875 0.5765729166666667 0.358109375 0.8220624999999999
0 0.11124218749999999 0.24733333333333332 0.188765625 0.3325833333333333
0 0.4689609375 0.29887499999999995 0.095640625 0.31095833333333334
0 0.4120859375 0.30582291666666667 0.044828125 0.0851875
0 0.3597578125 0.3160833333333333 0.064734375 0.07695833333333332
0 0.014328125 0.3314583333333333 0.02865625 0.22695833333333332
0 0.20202343749999999 0.20441666666666666 0.041109375 0.13375
0 0.4460078125 0.18916666666666665 0.025484374999999997 0.03666666666666667
0 0.0448671875 0.52421875 0.089734375 0.18285416666666665
