0 0.4934309133489461 0.48764062500000005 0.42100702576112414 0.4494375
0 0.7280093676814988 0.44540625 0.5439812646370024 0.51453125
0 0.3367798594847775 0.49817968749999997 0.22058548009367682 0.298203125
0 0.9116159250585479 0.24597656250000002 0.1751288056206089 0.393265625
0 0.14159250585480093 0.5148750000000001 0.1306791569086651 0.1360625
0 0.10114754098360655 0.51428125 0.08950819672131147 0.11612499999999999
0 0.5333957845433255 0.313765625 0.06866510538641686 0.06259375
0 0.042423887587822014 0.5459609375 0.08484777517564403 0.10595312500000001
0 0.2459016393442623 0.435703125 0.06379391100702576 0.10734375
0 0.49442622950819676 0.47942968750000003 0.44627634660421545 0.457984375
0 0.04509367681498829 0.648453125 0.09018735362997658 0.137
