0 0.24258 0.72 0.06676 0.19269333333333336
0 0.30527 0.6385866666666666 0.00966 0.02853333333333333
0 0.34441000000000005 0.6304133333333334 0.0105 0.029946666666666667
0 0.42388 0.5363866666666667 0.00528 0.012613333333333334
0 0.44747000000000003 0.5091733333333334 0.00594 0.013173333333333334
0 0.35064999999999996 0.6315733333333333 0.00866 0.023946666666666668
0 0.42634 0.5208666666666667 0.0057599999999999995 0.01576
0 0.28595 0.66092 0.0175 0.04701333333333333
0 0.32359000000000004 0.6343599999999999 0.00722 0.022533333333333332
0 0.29758 0.6509199999999999 0.00664 0.028933333333333332
