0 0.43087500000000006 0.9441953125000001 0.07275000000000001 0.11160937500000001
0 0.3692083333333333 0.9390859375 0.07475000000000001 0.10089062499999998
0 0.51334375 0.9515390625 0.059270833333333335 0.096921875
0 0.47709375 0.9299531249999999 0.0335625 0.06775
0 0.9110208333333333 0.9302187499999999 0.0355 0.04471875
0 0.8810312499999999 0.9086328124999999 0.015145833333333332 0.017234375
0 0.8566770833333334 0.9060703125 0.013729166666666666 0.018734375
0 0.4918125 0.9103046875 0.02075 0.028171875000000002
0 0.8648854166666666 0.9083593750000001 0.010145833333333333 0.015125
0 0.4586145833333334 0.9021796875000001 0.017645833333333336 0.011546875
0 0.46427083333333335 0.9349140625000001 0.03991666666666667 0.058953124999999995
