0 0.2299921875 0.6171145833333334 0.034859375 0.1295625
0 0.34117968750000005 0.5268958333333333 0.032890625 0.138375
0 0.5767265625 0.3005729166666667 0.018390625 0.1006875
0 0.4019609375 0.4411041666666667 0.042765625 0.13183333333333333
0 0.41498437499999996 0.4233125 0.0244375 0.10770833333333334
0 0.4388828125 0.39292708333333337 0.021859375 0.11102083333333333
0 0.47611718750000004 0.39887500000000004 0.026296874999999997 0.12345833333333332
0 0.516703125 0.33119791666666665 0.021625 0.1160625
0 0.27931249999999996 0.5326666666666667 0.02328125 0.137125
0 0.48948437499999997 0.3272604166666666 0.019 0.06035416666666667
0 0.36906249999999996 0.4852604166666667 0.037593749999999995 0.11639583333333332
0 0.357765625 0.5051145833333334 0.024625 0.12456249999999999
0 0.297546875 0.5610208333333333 0.032875 0.15520833333333334
0 0.57265625 0.27291666666666664 0.4265625 0.375
