0 0.5855971896955504 0.5414687499999999 0.5837002341920375 0.73115625
0 0.2559718969555035 0.3 0.1549414519906323 0.2
0 0.19151053864168618 0.25365625 0.10334894613583138 0.136125
0 0.11159250585480093 0.19852343749999998 0.04538641686182669 0.07423437499999999
0 0.6705503512880562 0.2505 0.09309133489461359 0.1908125
0 0.18403981264637004 0.1791328125 0.03018735362997658 0.018015625
0 0.36176814988290396 0.28753124999999996 0.087423887587822 0.17906249999999999
0 0.15149882903981265 0.2234765625 0.04426229508196721 0.095640625
0 0.08526932084309133 0.2037578125 0.0507728337236534 0.069515625
0 0.5639578454332552 0.1841171875 0.03597189695550351 0.093484375
0 0.5092037470725995 0.2203125 0.057236533957845434 0.12728124999999998
0 0.07375878220140515 0.2425 0.06911007025761125 0.122125
