0 0.43599999999999994 0.5919789227166277 0.22440625 0.7945901639344263
0 0.22087500000000002 0.5593676814988291 0.1431875 0.7579859484777518
0 0.7761328125 0.5945901639344263 0.14876562499999998 0.7364871194379391
0 0.59240625 0.31531615925058554 0.0450625 0.12501170960187355
0 0.540046875 0.3716042154566745 0.0316875 0.23519906323185014
0 0.8814375 0.35784543325526935 0.06259375 0.19798594847775178
0 0.9492656250000001 0.340175644028103 0.0361875 0.08676814988290397
0 0.8561484374999999 0.3475526932084309 0.025828125 0.1840983606557377
0 0.814390625 0.3174590163934426 0.0100625 0.023629976580796252
0 0.629578125 0.5363466042154567 0.10600000000000001 0.660936768149883
