0 0.6927578124999999 0.576440281030445 0.054171875 0.20149882903981267
0 0.5610703125000001 0.5365690866510539 0.030203124999999997 0.17009367681498827
0 0.6621015625 0.5783840749414519 0.020984375 0.15644028103044497
0 0.65103125 0.5515456674473068 0.036 0.19423887587822014
0 0.5243828125000001 0.5351990632318501 0.032203125 0.1468384074941452
0 0.48382812499999994 0.5064402810304449 0.03496875 0.14313817330210774
0 0.4368984375 0.5007611241217799 0.023734375 0.12353629976580796
0 0.3854375 0.4852576112412178 0.016843749999999998 0.11355971896955504
0 0.41371875 0.49674473067915687 0.0224375 0.10632318501170959
0 0.3993984375 0.48560889929742385 0.021609375 0.10873536299765808
0 0.3333359375 0.48076112412177985 0.024484375 0.10817330210772833
0 0.743671875 0.556592505854801 0.0384375 0.18672131147540985
0 0.45918749999999997 0.648864168618267 0.0843125 0.10531615925058548
0 0.51328125 0.5597189695550351 0.9046875 0.36533957845433257
