0 0.33286718750000005 0.7696666666666668 0.21742187500000001 0.43370833333333336
0 0.545609375 0.746625 0.29390625 0.42341666666666666
0 0.38119531249999994 0.5410729166666666 0.08745312499999999 0.16127083333333334
0 0.5508984375 0.4709895833333333 0.045859375 0.11839583333333333
0 0.183109375 0.50996875 0.029562500000000002 0.07235416666666666
0 0.2594296875 0.52478125 0.037296875 0.10327083333333334
0 0.7575859375 0.6932604166666666 0.210671875 0.40672916666666664
0 0.4341796875 0.5122291666666666 0.051546875000000006 0.09358333333333334
0 0.1996953125 0.4916979166666666 0.020265625000000002 0.04622916666666667
0 0.0950078125 0.77690625 0.190015625 0.41481250000000003
0 0.6006953125 0.5040833333333333 0.040453125 0.05308333333333334
0 0.8022421874999999 0.8471875 0.391015625 0.305625
0 0.4056875 0.49789583333333337 0.0316875 0.058208333333333334
0 0.5 0.5489583333333333 0.996875 0.35625
