0 0.6866406250000001 0.33193920335429766 0.11574999999999999 0.09767295597484277
0 0.28815625 0.34503144654088047 0.029125 0.05706498951781971
0 0.0855390625 0.25235849056603776 0.040828125 0.1692033542976939
0 0.49679687499999997 0.33072327044025157 0.0729375 0.06450733752620545
0 0.048890625 0.16759958071278824 0.03415625 0.06073375262054507
0 0.76075 0.17058700209643604 0.0340625 0.05924528301886793
0 0.71359375 0.17356394129979036 0.01471875 0.021132075471698115
0 0.8149921875 0.17905660377358493 0.025203125 0.06142557651991615
0 0.160359375 0.2776939203354297 0.059281249999999994 0.2020545073375262
0 0.204875 0.2581132075471698 0.05603125 0.1609643605870021
0 0.8685078124999999 0.19670859538784066 0.023234374999999998 0.08981132075471698
0 0.8438281250000002 0.18320754716981133 0.024906249999999998 0.06662473794549266
0 0.6540781250000001 0.17132075471698113 0.024406249999999997 0.0420545073375262
0 0.50859375 0.18343815513626835 0.7765625 0.09433962264150944
