0 0.8586336336336337 0.48538 0.18903903903903904 0.22063999999999998
0 0.5821771771771772 0.52289 0.10237237237237239 0.26330000000000003
0 0.5078078078078078 0.46853999999999996 0.09111111111111111 0.14156
0 0.3962912912912913 0.42281 0.06771771771771772 0.07426
0 0.7476576576576577 0.47596999999999995 0.07867867867867867 0.12938
0 0.6718018018018017 0.4465 0.11813813813813814 0.10108
0 0.3047297297297297 0.46313 0.11912912912912914 0.08626
0 0.2430930930930931 0.44498000000000004 0.10252252252252253 0.09331999999999999
0 0.31034534534534536 0.42888 0.04345345345345346 0.05
0 0.38515015015015014 0.45523 0.07096096096096095 0.07858
0 0.048303303303303305 0.46994 0.09660660660660661 0.15472
0 0.12624624624624625 0.43202999999999997 0.08858858858858859 0.06494
0 0.9215915915915915 0.65694 0.1568168168168168 0.27808
