0 0.6601875 0.6007563025210083 0.193875 0.6763865546218487
0 0.87340625 0.5528361344537814 0.1535 0.517016806722689
0 0.13115625 0.39871848739495797 0.043187500000000004 0.21903361344537817
0 0.11364062500000001 0.6247058823529412 0.22396875 0.49436974789915966
0 0.366859375 0.36067226890756304 0.07521875 0.22243697478991595
0 0.518578125 0.32142857142857145 0.053968749999999996 0.13
0 0.13840625 0.2114705882352941 0.068 0.18142857142857144
0 0.045265625 0.3843067226890756 0.07515625000000001 0.19936974789915968
0 0.0690625 0.2002310924369748 0.0455 0.14752100840336135
0 0.7851250000000001 0.5209243697478991 0.08349999999999999 0.426218487394958
0 0.762015625 0.5032563025210084 0.056281250000000005 0.46592436974789914
0 0.9707812500000002 0.4758823529411765 0.058437499999999996 0.406218487394958
0 0.7984218750000001 0.2919747899159664 0.024531249999999998 0.03722689075630252
0 0.359375 0.5777310924369747 0.7125 0.6848739495798319
