0 0.42860416666666673 0.8845625 0.030166666666666668 0.0779375
0 0.1569375 0.9122734375 0.20475000000000002 0.17545312500000002
0 0.9255104166666667 0.8842578125000001 0.042229166666666665 0.085484375
0 0.5931458333333333 0.8709140625 0.02795833333333333 0.067953125
0 0.9868229166666665 0.8414375 0.022479166666666665 0.027250000000000003
0 0.9766354166666666 0.878671875 0.04672916666666667 0.09340625
0 0.022208333333333333 0.8892578125 0.043250000000000004 0.12157812500000001
0 0.8782291666666666 0.8645859374999999 0.026916666666666665 0.063453125
0 0.8399479166666667 0.8692578124999999 0.020770833333333336 0.053234375
0 0.07001041666666666 0.8737265624999999 0.050104166666666665 0.086796875
0 0.7550000000000001 0.9258124999999999 0.11629166666666667 0.14837499999999998
0 0.12920833333333331 0.85540625 0.03666666666666667 0.05278125
0 0.26467708333333334 0.840234375 0.023604166666666666 0.016718749999999998
0 0.9041666666666667 0.8484375 0.016666666666666666 0.028125
