0 0.47640625 0.5955 0.9408124999999999 0.77753125
0 0.7792604166666667 0.41870312500000006 0.042979166666666666 0.02803125
0 0.7306562500000001 0.41325 0.020979166666666667 0.02975
0 0.6754479166666667 0.4139921875 0.011395833333333332 0.010640624999999999
0 0.7590416666666667 0.3984453125 0.023875 0.025421875
0 0.9800625000000001 0.4001953125 0.031125 0.017984375
0 0.6431666666666668 0.40707812499999996 0.007958333333333333 0.0053124999999999995
0 0.6353958333333334 0.40756250000000005 0.008541666666666666 0.0052499999999999995
0 0.8294791666666667 0.40579687499999995 0.020374999999999997 0.0185
0 0.7185520833333333 0.42434374999999996 0.029812500000000002 0.01415625
0 0.97684375 0.39709375 0.009645833333333333 0.0076875
