0 0.6011640625 0.6362558685446009 0.257859375 0.612605633802817
0 0.1301328125 0.3865140845070423 0.062828125 0.29213615023474176
0 0.961625 0.33285211267605636 0.039468750000000004 0.0762206572769953
0 0.7808203125000001 0.3519835680751174 0.037796875 0.0677699530516432
0 0.473234375 0.3333920187793427 0.04503125 0.06274647887323943
0 0.4533515625000001 0.33299295774647886 0.030015625 0.06509389671361503
0 0.41237500000000005 0.3286971830985916 0.0385625 0.06889671361502347
0 0.9210625 0.7745892018779343 0.15787500000000002 0.39551643192488267
0 0.1888671875 0.07484741784037559 0.014859375 0.04115023474178404
0 0.7455859374999999 0.3481455399061033 0.063578125 0.07873239436619718
0 0.7281328125 0.17109154929577464 0.017984375 0.04161971830985916
0 0.8297890625000001 0.44192488262910795 0.07760937500000001 0.1659154929577465
0 0.8107031250000001 0.20623239436619717 0.03575 0.09992957746478873
0 0.5 0.2687793427230047 0.996875 0.5328638497652582
