0 0.5389296874999999 0.7155729166666666 0.039703125 0.12272916666666665
0 0.41352343750000004 0.7282083333333332 0.047671875 0.11879166666666667
0 0.32378125 0.7470625000000001 0.016875 0.06191666666666666
0 0.198515625 0.7415104166666667 0.01153125 0.050770833333333334
0 0.1220078125 0.75403125 0.019703125 0.06527083333333333
0 0.15784375 0.7703333333333333 0.03528125 0.03154166666666667
0 0.6117578124999999 0.7387083333333334 0.014328125 0.04108333333333333
0 0.6280625000000001 0.7409166666666668 0.00696875 0.024874999999999998
0 0.822078125 0.7001770833333334 0.04915625 0.12027083333333333
0 0.747 0.7861979166666667 0.11187499999999999 0.1526875
0 0.5125703125000001 0.7386145833333334 0.011265625 0.03272916666666667
0 0.3107734375 0.7554166666666666 0.013640625 0.027708333333333335
0 0.76484375 0.6958333333333333 0.3953125 0.17083333333333334
