0 0.8751979166666666 0.44896875 0.037270833333333336 0.07418749999999999
0 0.7608750000000001 0.44850781250000005 0.03295833333333333 0.063796875
0 0.8004791666666667 0.42935156249999995 0.008875 0.024671875
0 0.7848958333333333 0.4317500000000001 0.018000000000000002 0.034687499999999996
0 0.7360000000000001 0.42992187500000006 0.011333333333333334 0.0239375
0 0.7092708333333333 0.43107031250000005 0.006833333333333333 0.021015625
0 0.7246145833333333 0.4301796875 0.0079375 0.021171875
0 0.9010416666666666 0.44225000000000003 0.036125 0.08390625
0 0.7468854166666666 0.431234375 0.0145625 0.028499999999999998
0 0.7723020833333333 0.4253828125 0.0110625 0.020578125
