0 0.708859375 0.38732291666666663 0.10340625 0.36914583333333334
0 0.1769375 0.59046875 0.1375 0.27547916666666666
0 0.449703125 0.4322916666666667 0.091 0.30645833333333333
0 0.046453125 0.52703125 0.09290625 0.24872916666666667
0 0.0882109375 0.4266770833333334 0.048453125 0.10256249999999999
0 0.1415546875 0.38988541666666665 0.050796875 0.07022916666666666
0 0.8276015624999999 0.5807604166666668 0.031296875 0.06472916666666667
0 0.0171796875 0.4348645833333333 0.034359375 0.1096875
0 0.1248984375 0.40488541666666666 0.027671875000000002 0.050270833333333334
0 0.81409375 0.6513229166666666 0.1723125 0.3696041666666667
