0 0.29972656249999996 0.5040498812351544 0.014171875 0.05256532066508313
0 0.2870859375 0.5062707838479811 0.012171875 0.058289786223277906
0 0.3308359375 0.508396674584323 0.011109375000000001 0.061021377672209026
0 0.4835859375 0.5113776722090261 0.007109374999999999 0.028123515439429928
0 0.350046875 0.49153206650831355 0.00815625 0.024014251781472682
0 0.4383828125 0.5060570071258907 0.009078125 0.034061757719714966
0 0.4749140625 0.5131235154394299 0.007828125 0.030237529691211403
0 0.3802109375 0.5081116389548693 0.014015625 0.05788598574821853
0 0.44518749999999996 0.5090023752969121 0.00865625 0.03121140142517815
0 0.46208593750000004 0.5111163895486935 0.007984375 0.03330166270783848
0 0.40814843749999996 0.5082660332541569 0.005953125 0.043420427553444184
0 0.3138203125 0.5007600950118765 0.011921875 0.04
