0 0.6596875 0.20823340471092078 0.1630625 0.3047323340471092
0 0.1615390625 0.6496466809421841 0.099328125 0.5412633832976446
0 0.228171875 0.4931049250535332 0.07590625 0.16710920770877946
0 0.3234765625 0.5657601713062099 0.11417187499999999 0.40591006423982867
0 0.03909375 0.3810813704496788 0.0140625 0.039293361884368314
0 0.06181249999999999 0.38283725910064237 0.018562500000000003 0.07042826552462526
0 0.45753125 0.5117237687366167 0.07553125000000001 0.24875802997858673
0 0.387765625 0.4692291220556745 0.06778125 0.1843683083511777
0 0.017328125 0.4014561027837259 0.0299375 0.11040685224839401
0 0.06378906250000001 0.628254817987152 0.12757812500000001 0.5601927194860814
0 0.07014843750000001 0.3614882226980728 0.010984375000000001 0.048629550321199144
0 0.20607812500000003 0.44670235546038545 0.06543750000000001 0.14449678800856533
