0 0.5127578125 0.6123536299765808 0.21589062499999997 0.4606791569086651
0 0.322953125 0.2092622950819672 0.0406875 0.06377049180327869
0 0.362265625 0.255807962529274 0.034937499999999996 0.09658079625292741
0 0.35669531250000003 0.2047189695550351 0.035109375 0.05594847775175644
0 0.642296875 0.16276346604215455 0.03509375 0.06707259953161593
0 0.28138281249999997 0.22524590163934427 0.029046875 0.08847775175644028
0 0.2594609375 0.1921311475409836 0.029890624999999997 0.060608899297423885
0 0.2434140625 0.21228337236533956 0.029984375 0.06058548009367682
0 0.21381250000000002 0.1947072599531616 0.03540625 0.06229508196721312
0 0.3844765625 0.07322014051522248 0.040453125 0.14644028103044496
0 0.901578125 0.11556206088992974 0.03875 0.06583138173302108
0 0.679953125 0.16329039812646368 0.0345625 0.08559718969555034
0 0.9672890624999999 0.12182669789227166 0.021890625 0.06562060889929743
0 0.49921875 0.36533957845433257 0.9984375 0.6510538641686182
