0 0.41429166666666667 0.593046875 0.2831666666666666 0.62196875
0 0.3716041666666667 0.317484375 0.016291666666666666 0.01975
0 0.3201458333333333 0.27631249999999996 0.0085 0.01546875
0 0.45134375 0.238453125 0.0064375 0.010843750000000001
0 0.39965625 0.3079765625 0.011604166666666667 0.014890625
0 0.4091354166666667 0.2618125 0.0025625 0.007062499999999999
0 0.38103125 0.27394531250000004 0.011645833333333333 0.011015625
0 0.41465625 0.2694140625 0.0048125 0.010578124999999999
0 0.40299999999999997 0.2662734375 0.004208333333333333 0.010484375
0 0.32767708333333334 0.27675 0.005729166666666666 0.009281250000000001
0 0.3096875 0.2745 0.0070416666666666666 0.01171875
0 0.6865520833333334 0.271640625 0.0027708333333333335 0.007781250000000001
0 0.3349895833333333 0.27453125 0.009395833333333332 0.011875
0 0.178125 0.2765625 0.2604166666666667 0.028125
