0 0.2934765625 0.6665537383177569 0.196609375 0.645911214953271
0 0.802140625 0.7096378504672898 0.39571875 0.5538084112149533
0 0.4649453125 0.7009696261682242 0.11773437499999999 0.47768691588785045
0 0.41121093750000004 0.5411331775700935 0.025953125 0.13385514018691588
0 0.0745625 0.5950817757009346 0.08475 0.27249999999999996
0 0.9725078125 0.5983995327102803 0.054984374999999995 0.29105140186915884
0 0.92634375 0.5087616822429907 0.02653125 0.054158878504672894
0 0.6454609375 0.608983644859813 0.10670312500000001 0.29212616822429904
0 0.046585937499999994 0.7067406542056075 0.087171875 0.5595560747663552
0 0.19090625 0.534836448598131 0.02578125 0.0752803738317757
0 0.562734375 0.5651168224299066 0.052968749999999995 0.22266355140186916
0 0.9014687499999999 0.5920210280373831 0.13287500000000002 0.3211448598130841
