0 0.3449140625 0.5416705607476635 0.20182812499999997 0.7680140186915887
0 0.43899218749999996 0.43331775700934577 0.111984375 0.5365887850467289
0 0.8144921875 0.3699532710280374 0.065984375 0.2302336448598131
0 0.710828125 0.43146028037383183 0.14125000000000001 0.5303504672897197
0 0.956265625 0.3610514018691589 0.05221875 0.17247663551401868
0 0.093921875 0.39213785046728966 0.09768750000000001 0.26292056074766357
0 0.247765625 0.29054906542056075 0.028625 0.09684579439252337
0 0.9018984374999999 0.36315420560747663 0.036453124999999996 0.20392523364485982
0 0.8632890625 0.40088785046728975 0.070921875 0.23228971962616823
0 0.9251640625 0.3714836448598131 0.033609375000000004 0.135303738317757
0 0.9910859375000001 0.3847546728971963 0.017828125 0.14203271028037384
0 0.1281953125 0.2744626168224299 0.027296874999999998 0.08009345794392524
0 0.5100312499999999 0.403107476635514 0.05378125 0.21827102803738319
0 0.54921875 0.2932242990654206 0.8296875 0.1425233644859813
