0 0.22460156250000002 0.7354722222222222 0.293765625 0.5290555555555556
0 0.6711796875 0.7157638888888889 0.038109375 0.14863888888888888
0 0.5836406249999999 0.832 0.08584375 0.19344444444444445
0 0.7468359375 0.7871666666666667 0.381328125 0.39638888888888885
0 0.498625 0.4554444444444445 0.058812500000000004 0.08516666666666667
0 0.466578125 0.7494999999999999 0.06740625 0.08294444444444445
0 0.4567109374999999 0.4045694444444445 0.036984375 0.0751388888888889
0 0.034265625 0.8502083333333333 0.06853125 0.2995833333333333
0 0.5468124999999999 0.42127777777777775 0.05375 0.10555555555555556
0 0.93478125 0.8282361111111111 0.1304375 0.21647222222222223
0 0.6107578125 0.7348888888888889 0.041328125 0.18922222222222224
0 0.49921875 0.5 0.9984375 0.37777777777777777
