0 0.0720859375 0.479672131147541 0.08842187500000001 0.36234192037470725
0 0.21581250000000002 0.4770023419203747 0.03396875 0.15976580796252926
0 0.2538359375 0.42857142857142855 0.039046874999999995 0.08744730679156909
0 0.902859375 0.6419672131147541 0.19396875 0.7155503512880562
0 0.44543750000000004 0.455655737704918 0.0350625 0.11070257611241219
0 0.3966484375 0.4435128805620609 0.041609375 0.10646370023419204
0 0.8307578125000001 0.5180093676814989 0.053359375 0.22098360655737706
0 0.171984375 0.48646370023419205 0.0458125 0.09091334894613583
0 0.3251875 0.4342037470725995 0.02890625 0.1302810304449649
0 0.756875 0.4717330210772833 0.034625 0.13442622950819672
0 0.5122421875 0.4570140515222483 0.031703125 0.09669789227166276
0 0.1144765625 0.47440281030444964 0.029765625 0.15498829039812648
0 0.574296875 0.6174941451990633 0.20406249999999998 0.7650117096018736
0 0.51328125 0.6838407494145199 0.9515625 0.6276346604215457
