0 0.49017968750000007 0.36720647773279347 0.067359375 0.13279352226720648
0 0.4781328125 0.43514170040485833 0.045828125 0.18408906882591092
0 0.48988281250000004 0.5846558704453441 0.057578125 0.11898785425101215
0 0.5069999999999999 0.6438967611336032 0.06590625 0.11447368421052631
0 0.574859375 0.5493218623481781 0.07446875 0.219331983805668
0 0.6213671875 0.5189777327935222 0.051265625 0.14455465587044533
0 0.6395937500000001 0.4563056680161943 0.039218750000000004 0.0907085020242915
0 0.3746875 0.47835020242914983 0.06521875 0.14431174089068827
0 0.43093750000000003 0.5789979757085021 0.08815625 0.11228744939271255
0 0.5461171874999999 0.34658906882591095 0.046953125 0.14155870445344132
0 0.4488046874999999 0.6405263157894737 0.068234375 0.11744939271255062
0 0.588078125 0.36606275303643726 0.0888125 0.15006072874493925
0 0.5696640625 0.44522267206477734 0.094046875 0.15384615384615385
