0 0.0854609375 0.5528103044496486 0.164921875 0.31911007025761123
0 0.27886718750000006 0.5561826697892271 0.179921875 0.3707728337236534
0 0.7319531250000001 0.4907377049180328 0.08565625 0.14658079625292741
0 0.9141406249999999 0.6364519906323185 0.1610625 0.4774004683840749
0 0.5307578125 0.6127985948477751 0.371828125 0.7415690866510538
0 0.6209453125000001 0.5118969555035129 0.07810937500000001 0.12805620608899299
0 0.637203125 0.48507025761124123 0.038843749999999996 0.062412177985948475
0 0.6814374999999999 0.4932552693208431 0.06746875 0.11911007025761124
0 0.22814843749999997 0.5047540983606558 0.063953125 0.10660421545667448
0 0.42198437499999997 0.4787002341920375 0.0206875 0.05182669789227166
0 0.8423281249999999 0.4194730679156909 0.04234375 0.12765807962529274
0 0.342171875 0.49976580796252923 0.05571875 0.09124121779859486
