0 0.25608593749999997 0.71528125 0.057828124999999994 0.2179375
0 0.4916015625 0.6161770833333333 0.032578125 0.06514583333333333
0 0.1204609375 0.7912291666666668 0.045484375 0.24941666666666668
0 0.15416406249999998 0.7658333333333334 0.037265625000000004 0.222
0 0.16840625 0.6867604166666667 0.04721875 0.18764583333333332
0 0.20640624999999999 0.7284166666666667 0.042562499999999996 0.199125
0 0.0547734375 0.7964270833333332 0.047203125 0.22243749999999998
0 0.0267578125 0.7865729166666667 0.041671875000000004 0.1849375
0 0.47651562499999994 0.60065625 0.01215625 0.0410625
0 0.56584375 0.6305624999999999 0.01528125 0.021958333333333333
0 0.46253124999999995 0.6227291666666667 0.02684375 0.058499999999999996
