0 0.9471718749999999 0.6145344129554655 0.08690624999999999 0.22736842105263155
0 0.8802734375 0.6788967611336032 0.089703125 0.30435222672064777
0 0.3342578125 0.3474392712550607 0.131765625 0.1541497975708502
0 0.821125 0.8036032388663967 0.11571875000000001 0.3677327935222672
0 0.727734375 0.7829757085020242 0.1026875 0.36190283400809714
0 0.4982265625 0.2181275303643725 0.060546875 0.10309716599190283
0 0.5818671875 0.7203947368421053 0.073109375 0.3627327935222672
0 0.41558593750000006 0.7596457489878542 0.082953125 0.29568825910931174
0 0.2174296875 0.7824190283400809 0.088765625 0.2967813765182187
0 0.2993828125 0.7577226720647773 0.069734375 0.29880566801619435
0 0.3595703125 0.7486740890688259 0.07095312499999999 0.3069028340080972
0 0.6612031249999999 0.7345040485829959 0.09890625 0.36014170040485827
0 0.44996093750000005 0.26579959514170043 0.049515625 0.18572874493927125
0 0.49921875 0.507085020242915 0.9984375 0.9089068825910931
