0 0.85365625 0.5060625000000001 0.048875 0.16854166666666667
0 0.9107968750000002 0.5004479166666667 0.05021875 0.17172916666666668
0 0.8019140625000001 0.48198958333333336 0.019359375 0.0871875
0 0.777015625 0.4839062499999999 0.01884375 0.08260416666666666
0 0.7576640625000001 0.4843854166666667 0.026328125 0.07439583333333334
0 0.739734375 0.48332291666666666 0.01234375 0.04622916666666667
0 0.7132265624999999 0.492 0.040078125 0.10608333333333334
0 0.9407734374999999 0.48590625 0.029015625 0.13322916666666668
0 0.741890625 0.45585416666666667 0.009281250000000001 0.009833333333333333
0 0.8824375 0.5006458333333333 0.0108125 0.044333333333333336
0 0.9640781250000001 0.49602083333333336 0.03303125 0.165625
0 0.9947812500000002 0.49324999999999997 0.010437499999999999 0.10137499999999999
0 0.6977265625 0.47727083333333337 0.019390625 0.08041666666666666
