0 0.27070257611241216 0.682140625 0.39878220140515225 0.4343125
0 0.43370023419203746 0.1424375 0.12323185011709602 0.13346875
0 0.7786533957845434 0.02840625 0.09327868852459016 0.0548125
0 0.10722482435597189 0.07472656250000001 0.12058548009367683 0.110234375
0 0.04629976580796253 0.094703125 0.09259953161592506 0.12121875
0 0.7674590163934426 0.10279687500000001 0.15046838407494145 0.137
0 0.9495667447306791 0.0370859375 0.09782201405152226 0.074171875
0 0.2445784543325527 0.09814062500000001 0.0997423887587822 0.10865625000000001
0 0.8945550351288055 0.29769531250000003 0.2070023419203747 0.145703125
0 0.5942271662763465 0.04253125 0.08199063231850116 0.0850625
0 0.5226346604215457 0.04375 0.10166276346604215 0.0875
0 0.857775175644028 0.0305078125 0.09466042154566745 0.061015625
0 0.17436768149882903 0.06411718749999999 0.0764168618266979 0.098234375
0 0.5 0.03828125 0.9953161592505855 0.0765625
