0 0.8778359375000001 0.7683411214953272 0.087015625 0.36831775700934577
0 0.9513046875000001 0.635338785046729 0.020296875 0.10675233644859812
0 0.98034375 0.6157593457943925 0.0210625 0.08932242990654204
0 0.80684375 0.8354672897196261 0.0699375 0.2313551401869159
0 0.8320234375 0.6252686915887851 0.022734375 0.11432242990654205
0 0.935296875 0.627464953271028 0.022593750000000003 0.10642523364485981
0 0.9950624999999998 0.6260046728971963 0.009875 0.11411214953271029
0 0.187984375 0.5852920560747663 0.02228125 0.03516355140186916
0 0.2601875 0.570946261682243 0.0260625 0.06427570093457945
0 0.41098437500000007 0.5258177570093459 0.06693750000000001 0.11401869158878504
0 0.8846171875 0.590677570093458 0.020109375 0.04728971962616822
0 0.9049453125 0.6058294392523365 0.031796875 0.08857476635514018
