0 0.7197733333333333 0.64473 0.05277333333333333 0.06318
0 0.85228 0.46336 0.06536 0.014240000000000001
0 0.7454666666666667 0.43477 0.052 0.012060000000000001
0 0.14679999999999999 0.54025 0.05504 0.033659999999999995
0 0.5706666666666667 0.44367 0.03722666666666667 0.00774
0 0.97612 0.43823999999999996 0.04722666666666667 0.0128
0 0.5179333333333334 0.44183000000000006 0.04328 0.01334
0 0.41478666666666664 0.43275 0.008826666666666667 0.0070599999999999994
0 0.4314133333333333 0.42834 0.009706666666666667 0.0061200000000000004
0 0.3224133333333333 0.42751 0.019119999999999998 0.00634
0 0.26570666666666665 0.43907999999999997 0.06736 0.009880000000000002
