0 0.5374609375 0.6734975961538462 0.199390625 0.3549278846153846
0 0.24890625000000002 0.6973677884615385 0.14365624999999999 0.3308894230769231
0 0.37101562499999996 0.5193509615384616 0.059281249999999994 0.09913461538461539
0 0.28553124999999996 0.506766826923077 0.054125 0.11439903846153847
0 0.23343750000000002 0.5118870192307692 0.07062500000000001 0.19867788461538463
0 0.13715625 0.499375 0.08475 0.19778846153846155
0 0.700578125 0.48009615384615384 0.08478125 0.17322115384615386
0 0.7435078125000001 0.4754447115384615 0.068109375 0.17444711538461538
0 0.8011015624999999 0.46854567307692313 0.076171875 0.19766826923076924
0 0.34134374999999995 0.7596875 0.16468750000000001 0.23543269230769232
0 0.03359375 0.5471874999999999 0.06428125 0.13259615384615384
0 0.49576562500000004 0.5153725961538462 0.05487499999999999 0.10367788461538462
0 0.9571015624999999 0.46239182692307695 0.081671875 0.19463942307692308
0 0.49921875 0.28725961538461536 0.9984375 0.5745192307692307
