0 0.30084375 0.62290625 0.251125 0.7258541666666667
0 0.4909843749999999 0.5360416666666665 0.061968749999999996 0.19129166666666667
0 0.4680625 0.4908958333333333 0.03415625 0.08387499999999999
0 0.7739609375000001 0.5432395833333333 0.08529687500000001 0.2880625
0 0.9312734375000001 0.5945 0.118984375 0.38991666666666663
0 0.89278125 0.47691666666666666 0.03425 0.11474999999999999
0 0.8548515625 0.46640625 0.011359375 0.0605625
0 0.8428593750000001 0.4686041666666666 0.01234375 0.058374999999999996
0 0.905421875 0.45727083333333335 0.01165625 0.038375000000000006
0 0.8630078125 0.4653333333333334 0.008515625 0.04033333333333333
0 0.8704453124999999 0.4652291666666667 0.012640624999999999 0.044000000000000004
0 0.5331328125 0.6007708333333334 0.274640625 0.4361666666666667
0 0.8479374999999999 0.44621875 0.0046875 0.014187499999999999
0 0.80234375 0.484375 0.2359375 0.29375
