0 0.261125 0.2131934731934732 0.08284375000000001 0.3821911421911422
0 0.142671875 0.2207226107226107 0.11625 0.40764568764568765
0 0.56 0.06067599067599067 0.11696875 0.11673659673659673
0 0.3611171875 0.13266899766899767 0.097203125 0.23060606060606062
0 0.8858515625000001 0.19266899766899767 0.060484375 0.38184149184149185
0 0.6865781249999999 0.06311188811188811 0.0715625 0.12454545454545454
0 0.19642187500000002 0.19057109557109556 0.072 0.34883449883449885
0 0.7976015624999999 0.06398601398601399 0.167265625 0.1274125874125874
0 0.600984375 0.6675407925407926 0.79803125 0.6233799533799534
0 0.051492187499999995 0.2695221445221445 0.092515625 0.5286480186480186
