0 0.35466406250000004 0.690572429906542 0.423796875 0.5960046728971963
0 0.9162812500000002 0.20205607476635515 0.1674375 0.4041121495327103
0 0.2892890625 0.3312733644859813 0.575578125 0.6625467289719627
0 0.638765625 0.22559579439252334 0.24290625000000002 0.45067757009345794
0 0.5112265625 0.09286214953271027 0.058609375 0.18572429906542054
0 0.7091328124999999 0.3598598130841122 0.28126562499999996 0.5937383177570094
0 0.8402109375 0.48878504672897194 0.319515625 0.3296728971962617
0 0.054781250000000004 0.5831775700934579 0.10956250000000001 0.1786448598130841
0 0.03996875 0.06634345794392524 0.07634375 0.13268691588785048
0 0.8378125000000001 0.2932593457943925 0.1668125 0.528107476635514
0 0.4370078125 0.17425233644859814 0.049328125 0.11429906542056076
