0 0.105375 0.4702341920374707 0.11409375 0.20758782201405152
0 0.1976796875 0.4769086651053864 0.16704687499999998 0.22791569086651053
0 0.327984375 0.44405152224824357 0.05028125 0.12346604215456675
0 0.520515625 0.47063231850117093 0.10228124999999999 0.18524590163934426
0 0.8240624999999999 0.44107728337236535 0.12250000000000001 0.1998126463700234
0 0.710265625 0.46004683840749416 0.10853125 0.1740046838407494
0 0.32528125 0.4925644028103045 0.10806249999999999 0.16494145199063234
0 0.6196875 0.45941451990632315 0.12562500000000001 0.2001405152224824
0 0.9253124999999999 0.45967213114754096 0.08562499999999999 0.13939110070257613
0 0.41285937500000003 0.4786065573770492 0.13634375 0.1666744730679157
0 0.4197578125 0.40934426229508203 0.086765625 0.16721311475409836
0 0.608546875 0.4276229508196721 0.1048125 0.0655503512880562
0 0.9813203125000001 0.42964871194379395 0.037359375 0.11096018735362999
