0 0.8757916666666667 0.96584375 0.0715 0.06709375
0 0.9285625000000001 0.945265625 0.100125 0.10946875
0 0.7162708333333333 0.9514687499999999 0.04845833333333334 0.0970625
0 0.44873958333333336 0.9467109375 0.05377083333333333 0.10495312500000001
0 0.6600833333333332 0.948890625 0.08075 0.10093749999999999
0 0.38265625000000003 0.9224218750000001 0.0613125 0.05278125
0 0.28752083333333334 0.9181015624999999 0.042291666666666665 0.045078125000000004
0 0.24244791666666668 0.9196093750000001 0.0213125 0.037
0 0.17890625 0.9433828125000001 0.03139583333333333 0.076796875
0 0.8337395833333333 0.9246328125 0.03239583333333333 0.058609375
0 0.68384375 0.9083593750000001 0.013520833333333334 0.03428125
0 0.3123229166666667 0.9203828125 0.0264375 0.042546875
0 0.8077916666666667 0.9228515625 0.03116666666666667 0.064609375
