0 0.8438153594771243 0.4235947712418301 0.11011437908496732 0.29888888888888887
0 0.16431372549019607 0.6231617647058824 0.3276470588235294 0.7536764705882353
0 0.3206535947712418 0.39645424836601306 0.12931372549019607 0.4092483660130719
0 0.6438235294117647 0.3370751633986928 0.06516339869281046 0.13483660130718952
0 0.4244771241830065 0.2813071895424837 0.030326797385620913 0.08647058823529412
0 0.4804084967320261 0.3229738562091503 0.04673202614379085 0.1161437908496732
0 0.7457924836601307 0.3524101307189543 0.05086601307189542 0.1487418300653595
0 0.9150980392156862 0.4441584967320261 0.16147058823529412 0.33844771241830063
0 0.16442810457516338 0.23894607843137258 0.06807189542483659 0.12691176470588236
0 0.09737745098039216 0.14219771241830068 0.08233660130718955 0.08279411764705882
0 0.39859477124183007 0.3453921568627451 0.0669281045751634 0.24316993464052286
0 0.08979575163398693 0.239452614379085 0.1160294117647059 0.14475490196078433
0 0.2161437908496732 0.2251062091503268 0.05947712418300653 0.041519607843137254
0 0.41911764705882354 0.5024509803921569 0.8349673202614379 0.7598039215686274
