0 0.6836171875 0.6607242990654206 0.066609375 0.25649532710280376
0 0.45496093749999994 0.5129672897196261 0.078390625 0.3592523364485981
0 0.0395 0.46464953271028037 0.02346875 0.07383177570093458
0 0.9585078125 0.4202570093457944 0.014203125 0.05341121495327103
0 0.935234375 0.4160046728971962 0.018375 0.05434579439252337
0 0.7423828125 0.4378154205607477 0.007109374999999999 0.022126168224299067
0 0.673578125 0.4404322429906542 0.0071874999999999994 0.014088785046728973
0 0.6074296875 0.44087616822429904 0.003578125 0.02119158878504673
0 0.9198281249999999 0.4298831775700934 0.0095 0.029532710280373832
0 0.7081015625 0.4351518691588785 0.009015625 0.027453271028037383
0 0.6976484375 0.43179906542056073 0.005703125 0.03747663551401869
0 0.5228203125 0.4386331775700934 0.012796875 0.0389018691588785
0 0.5073359375 0.43600467289719624 0.010484375 0.04308411214953271
0 0.5015625 0.4392523364485981 0.99375 0.09813084112149532
