0 0.758234375 0.6925694444444445 0.17862499999999998 0.5945833333333334
0 0.8036406250000001 0.46925 0.0838125 0.19583333333333333
0 0.6998203125 0.5404722222222222 0.072953125 0.25572222222222224
0 0.5570546875 0.41027777777777774 0.073328125 0.13099999999999998
0 0.5027421875 0.4689305555555556 0.051984375000000006 0.24708333333333335
0 0.419515625 0.5094444444444445 0.07934375 0.29927777777777775
0 0.170390625 0.3885138888888888 0.04434375 0.08558333333333333
0 0.239640625 0.42594444444444446 0.060625 0.18688888888888888
0 0.27514843750000006 0.3628472222222222 0.045265625 0.09702777777777778
0 0.3205234375 0.49030555555555555 0.080671875 0.23661111111111113
0 0.21755468749999998 0.34655555555555556 0.014171875 0.041499999999999995
0 0.5021796875 0.33686111111111117 0.017359375 0.036500000000000005
0 0.3176796875 0.35018055555555555 0.022234375 0.04625
0 0.24140625 0.3597222222222222 0.1296875 0.09166666666666666
