0 0.500765625 0.6465966386554621 0.20378124999999997 0.6838235294117647
0 0.711734375 0.06851890756302521 0.04971875 0.08363445378151262
0 0.5109609374999999 0.05297268907563025 0.035609375 0.075609243697479
0 0.3065859375 0.09278361344537815 0.052796875 0.03485294117647059
0 0.18635156249999998 0.0604936974789916 0.042703124999999995 0.09161764705882353
0 0.284484375 0.05877100840336135 0.04559375 0.09918067226890756
0 0.3424609375 0.08829831932773109 0.027984375 0.04873949579831933
0 0.6423984375 0.10140756302521009 0.037671875 0.03957983193277311
0 0.4142578125 0.09084033613445378 0.044140625 0.044915966386554616
0 0.588 0.06823529411764705 0.041999999999999996 0.08
0 0.5011406249999999 0.09798319327731092 0.018625 0.03542016806722689
0 0.47528125 0.06064075630252101 0.048343750000000005 0.10090336134453781
0 0.253484375 0.08307773109243698 0.040531250000000005 0.051869747899159664
0 0.50703125 0.07563025210084033 0.9828125 0.15126050420168066
