0 0.511859375 0.34214583333333337 0.13684375 0.29154166666666664
0 0.1772109375 0.26114583333333335 0.028890624999999996 0.109875
0 0.9740390624999999 0.44753125 0.050328125 0.16152083333333334
0 0.6222343749999999 0.20579166666666668 0.021156249999999998 0.08791666666666667
0 0.5682265625 0.1920625 0.021453125 0.060333333333333336
0 0.549453125 0.20311458333333332 0.0295 0.0321875
0 0.516140625 0.19591666666666668 0.021406249999999998 0.042041666666666665
0 0.77315625 0.22110416666666666 0.01840625 0.06370833333333333
0 0.1524921875 0.24187499999999998 0.016390625 0.087375
0 0.7482734375000001 0.22051041666666665 0.021984375 0.06722916666666667
0 0.81346875 0.21591666666666667 0.0198125 0.07745833333333334
0 0.7971640625 0.21260416666666665 0.020328125 0.06970833333333333
0 0.2611796875 0.2257916666666667 0.018546874999999997 0.09979166666666667
0 0.49921875 0.31145833333333334 0.9984375 0.3020833333333333
