0 0.4979647058823529 0.6589140625 0.031223529411764706 0.048703125
0 0.43572941176470587 0.579203125 0.02101176470588235 0.03290625
0 0.4749647058823529 0.5815703125 0.01990588235294118 0.031171874999999998
0 0.5008941176470588 0.5781484375000001 0.019529411764705885 0.034296875
0 0.5202470588235295 0.5792734374999999 0.015552941176470589 0.031109375
0 0.5569647058823529 0.5418671875000001 0.011623529411764706 0.025578125
0 0.4584117647058824 0.5848125000000001 0.01508235294117647 0.02334375
0 0.5176 0.557578125 0.01990588235294118 0.02203125
0 0.5685176470588236 0.5426796875 0.016188235294117646 0.024078125
0 0.5978823529411764 0.7895703125000001 0.057976470588235296 0.07764062499999999
0 0.5335529411764706 0.5613828125 0.012564705882352941 0.028578125
0 0.5386117647058823 0.5092890625 0.007482352941176471 0.015359375
0 0.37310588235294123 0.6596796875 0.029647058823529412 0.028171875000000002
0 0.5647058823529412 0.571875 0.26823529411764707 0.16875
