0 0.17875000000000002 0.6353169014084507 0.35750000000000004 0.7293661971830986
0 0.3078125 0.5225352112676056 0.08725000000000001 0.15943661971830986
0 0.7015234374999999 0.6235915492957746 0.323078125 0.7303286384976526
0 0.37049218749999996 0.5431338028169014 0.048359374999999996 0.11739436619718309
0 0.34659375000000003 0.5048356807511737 0.02253125 0.09323943661971831
0 0.8673515625 0.6239201877934273 0.265296875 0.7482159624413146
0 0.457515625 0.5455164319248826 0.02953125 0.13361502347417842
0 0.48401562500000006 0.6552464788732394 0.16578125 0.5366901408450704
0 0.40596875 0.5662441314553991 0.089 0.1992018779342723
0 0.144 0.4908450704225353 0.04228125 0.07197183098591549
