0 0.1879765625 0.387125 0.048015625 0.17350000000000002
0 0.4701328125 0.37609375 0.092796875 0.2561041666666667
0 0.6301406249999999 0.25452083333333336 0.04109375 0.11737500000000001
0 0.14314062500000002 0.4022812499999999 0.047093750000000004 0.17885416666666665
0 0.6793125 0.2901354166666667 0.03990625 0.0934375
0 0.5601796875 0.2525833333333333 0.028984375 0.10995833333333334
0 0.4483984375 0.26097916666666665 0.025890625 0.10591666666666667
0 0.698421875 0.27614583333333337 0.0265625 0.111125
0 0.5904140625000001 0.2628333333333333 0.033515625 0.13158333333333333
0 0.5821953124999999 0.27168749999999997 0.037734375 0.13491666666666668
