0 0.5898828125 0.5539270833333333 0.664046875 0.8831458333333334
0 0.20477343750000002 0.505625 0.40617187499999996 0.9617916666666667
0 0.6696328125 0.41804166666666664 0.125171875 0.255125
0 0.9812578125 0.33956250000000004 0.037484375 0.09029166666666667
0 0.58921875 0.4658020833333333 0.0968125 0.21360416666666668
0 0.8678281250000002 0.40208333333333335 0.07134375 0.16258333333333336
0 0.7288515625 0.5208437499999999 0.10889062499999999 0.32468749999999996
0 0.7984296875 0.3823333333333333 0.09957812499999999 0.2145
0 0.8287578124999999 0.3059583333333334 0.035578125 0.08525
0 0.924625 0.31637499999999996 0.05228125 0.07933333333333333
0 0.055359375 0.34221874999999996 0.10865625000000001 0.19147916666666667
0 0.8688359375000001 0.5701354166666667 0.198703125 0.4337708333333333
0 0.6711328125 0.31340625 0.06889062500000001 0.13822916666666665
0 0.078125 0.2677083333333333 0.15625 0.18125
