0 0.3705234375 0.7112395833333333 0.257953125 0.46839583333333334
0 0.65903125 0.6873020833333333 0.19496875 0.4358958333333333
0 0.6111484375 0.46811458333333333 0.170234375 0.28089583333333334
0 0.4961875 0.47378125 0.12765625 0.27877083333333336
0 0.6834296875 0.101125 0.11629687500000001 0.14383333333333334
0 0.18382812499999998 0.443875 0.10024999999999999 0.325125
0 0.5051328125000001 0.09783333333333334 0.090796875 0.13479166666666667
0 0.868140625 0.22711458333333334 0.1190625 0.2006875
0 0.32713281250000004 0.43198958333333337 0.119921875 0.34927083333333336
0 0.8175859375 0.7128229166666666 0.146296875 0.3950625
0 0.9604531249999999 0.17603125 0.07909374999999999 0.19772916666666665
0 0.030343750000000003 0.5440104166666667 0.060687500000000005 0.10947916666666666
0 0.8515312500000001 0.07145833333333335 0.10487500000000001 0.14250000000000002
0 0.559375 0.17708333333333334 0.878125 0.3541666666666667
