0 0.5459609375000001 0.5955046948356808 0.25129687500000003 0.6651877934272301
0 0.3496171875 0.4833333333333333 0.295828125 0.6615962441314553
0 0.16712500000000002 0.6598356807511736 0.06165625 0.41014084507042253
0 0.899375 0.4977582159624413 0.20125 0.9955164319248826
0 0.0241875 0.5229694835680752 0.048375 0.17997652582159626
0 0.6795625 0.519906103286385 0.063375 0.16657276995305162
0 0.7613515625 0.5865140845070422 0.170515625 0.6696478873239436
0 0.6155234375 0.5080985915492957 0.068421875 0.1728638497652582
0 0.40635937499999997 0.3880985915492957 0.02971875 0.06619718309859154
0 0.7051953125 0.49055164319248823 0.019953125 0.0701643192488263
0 0.41833593750000003 0.41430751173708924 0.047984375 0.11349765258215963
0 0.08746875000000001 0.5971361502347418 0.09125 0.3047417840375587
0 0.090453125 0.3633098591549295 0.08828125 0.30215962441314553
0 0.021875 0.3685446009389671 0.04375 0.3145539906103286
