0 0.42747656250000005 0.6108541666666666 0.17276562499999998 0.525875
0 0.5260078125000001 0.6243750000000001 0.246640625 0.5637500000000001
0 0.7130546874999999 0.4999166666666666 0.015671875 0.040791666666666664
0 0.7462734375 0.47171875 0.011046875000000001 0.030604166666666665
0 0.93578125 0.5174270833333333 0.01846875 0.06439583333333333
0 0.6610234375 0.5138437499999999 0.015546874999999998 0.05514583333333333
0 0.166078125 0.5146458333333334 0.00709375 0.021875
0 0.18415625 0.5014895833333334 0.00546875 0.02022916666666667
0 0.13328125 0.5081041666666667 0.004125 0.014333333333333333
0 0.1609765625 0.52896875 0.007109374999999999 0.030604166666666665
0 0.0968125 0.47465625 0.006875000000000001 0.014812500000000001
0 0.2844140625 0.6090833333333333 0.089609375 0.470125
0 0.0730546875 0.4725729166666666 0.003609375 0.011770833333333335
0 0.2859375 0.4864583333333333 0.490625 0.10208333333333333
