0 0.7357333333333332 0.56645 0.35434666666666664 0.45946
0 0.6351333333333333 0.38513 0.12914666666666666 0.20046
0 0.5664 0.30051 0.07994666666666667 0.09286
0 0.3248666666666667 0.33482999999999996 0.12258666666666666 0.13302
0 0.45242666666666664 0.4472 0.3176 0.28764
0 0.08398666666666667 0.26688999999999996 0.14429333333333333 0.26242000000000004
0 0.1442 0.33297000000000004 0.1284 0.1485
0 0.34401333333333334 0.37109000000000003 0.15522666666666668 0.17321999999999999
0 0.20378666666666667 0.46635000000000004 0.15530666666666668 0.2953
0 0.6704933333333334 0.30223 0.07549333333333333 0.0911
0 0.14710666666666666 0.29181999999999997 0.20354666666666665 0.09144
0 0.19832000000000002 0.2676 0.049653333333333334 0.07356
0 0.33855999999999997 0.19852 0.11626666666666667 0.16968
0 0.164 0.243 0.32266666666666666 0.202
