0 0.6118828125 0.44684375000000004 0.069390625 0.2780625
0 0.7760625 0.6626666666666667 0.22128125 0.2950416666666667
0 0.9149296874999999 0.6216458333333333 0.168078125 0.4149583333333334
0 0.9679375 0.8710833333333333 0.064125 0.25783333333333336
0 0.968359375 0.4811666666666667 0.06328125 0.22874999999999998
0 0.9293203125 0.42424999999999996 0.038796874999999995 0.18691666666666668
0 0.8847421875 0.47040625 0.06789062500000001 0.2631041666666667
0 0.52840625 0.27523958333333337 0.03790625 0.058812500000000004
0 0.45336718749999994 0.5994375000000001 0.256171875 0.48762500000000003
0 0.832421875 0.46138541666666666 0.05759375 0.2748958333333333
0 0.712171875 0.4588541666666667 0.06603125 0.25725000000000003
0 0.6707343750000001 0.46489583333333334 0.051875000000000004 0.23641666666666666
0 0.781671875 0.4444479166666666 0.07846875 0.23102083333333334
0 0.5 0.2947916666666667 0.996875 0.5895833333333333
