0 0.093609375 0.515046511627907 0.0755 0.34832558139534886
0 0.9053671874999999 0.5684883720930233 0.061109375 0.2856279069767442
0 0.3538984375 0.461 0.046171875 0.18237209302325583
0 0.493890625 0.448546511627907 0.025718750000000002 0.15313953488372092
0 0.4020625 0.4685232558139535 0.048593750000000005 0.19481395348837208
0 0.7131406250000001 0.4206976744186047 0.017125 0.07451162790697674
0 0.7407109374999999 0.43298837209302327 0.020015625000000002 0.0771860465116279
0 0.6753984375 0.4231395348837209 0.011703125 0.07637209302325582
0 0.7660625 0.4282093023255814 0.02271875 0.08590697674418604
0 0.6859140625 0.4262674418604651 0.010453125 0.05076744186046511
0 0.7934921875000001 0.42625581395348844 0.018078125 0.10125581395348837
0 0.4422890625 0.4543604651162791 0.031984374999999995 0.16323255813953488
0 0.5121796875 0.42118604651162794 0.007484375 0.03488372093023256
