0 0.5012187499999999 0.4796838407494145 0.12978125000000001 0.49192037470725997
0 0.85309375 0.22584309133489458 0.12893749999999998 0.44718969555035126
0 0.6851796875 0.07078454332552693 0.059984375 0.13707259953161594
0 0.3617109375 0.0514519906323185 0.056234375 0.102903981264637
0 0.8041640624999999 0.06724824355971896 0.058078125 0.13449648711943793
0 0.1619609375 0.06117096018735363 0.060484375 0.12135831381733021
0 0.2405234375 0.06800936768149883 0.046421875 0.13601873536299766
0 0.5790624999999999 0.07011709601873536 0.04846875 0.14023419203747073
0 0.0935703125 0.2205503512880562 0.10689062499999999 0.43927400468384076
0 0.473140625 0.07177985948477753 0.077625 0.1311943793911007
