0 0.5309140625000001 0.6268690476190477 0.011046875000000001 0.032119047619047617
0 0.34548437499999995 0.6576309523809524 0.006750000000000001 0.01488095238095238
0 0.325921875 0.658297619047619 0.0055 0.0105
0 0.253328125 0.6616428571428572 0.00578125 0.010904761904761905
0 0.203625 0.6620833333333334 0.008875 0.011261904761904763
0 0.19428125 0.6629285714285714 0.01046875 0.014095238095238095
0 0.3729609375 0.6574761904761904 0.007015625 0.009857142857142856
0 0.4984609375 0.6328571428571429 0.014234374999999999 0.03695238095238095
0 0.471234375 0.6413690476190477 0.008624999999999999 0.03535714285714286
0 0.45453124999999994 0.6346071428571428 0.00703125 0.03373809523809524
0 0.26071093749999996 0.6619285714285714 0.006390625 0.010238095238095237
