0 0.46323437500000003 0.5658799999999999 0.15715625 0.60472
0 0.531296875 0.4707866666666667 0.11456249999999998 0.6494133333333333
0 0.0787265625 0.48452 0.155203125 0.5390666666666667
0 0.726828125 0.6168533333333334 0.28440625 0.49216
0 0.2894921875 0.4899866666666667 0.066671875 0.22381333333333336
0 0.8175859375 0.45121333333333336 0.039953125 0.17346666666666666
0 0.6757109375 0.38697333333333334 0.031921875 0.11453333333333333
0 0.0269296875 0.6123733333333333 0.048609374999999996 0.3990933333333333
0 0.089796875 0.47226666666666667 0.0804375 0.38885333333333333
0 0.69415625 0.39440000000000003 0.021374999999999998 0.10069333333333333
0 0.784328125 0.37973333333333337 0.0173125 0.034666666666666665
