0 0.78104 0.6456266666666667 0.10572 0.32885333333333333
0 0.58535 0.5407733333333333 0.04106 0.09338666666666667
0 0.35960000000000003 0.5557466666666667 0.05712 0.12327999999999999
0 0.39048 0.55308 0.025 0.12296
0 0.8781 0.5229066666666666 0.015 0.05552
0 0.6168299999999999 0.55576 0.04262 0.12656
0 0.91346 0.5385066666666667 0.010039999999999999 0.03605333333333333
0 0.73436 0.5331066666666666 0.02044 0.057466666666666666
0 0.53024 0.54608 0.033600000000000005 0.09429333333333333
0 0.6418200000000001 0.5378933333333333 0.025160000000000002 0.08229333333333333
0 0.8555 0.5262266666666667 0.01532 0.055439999999999996
0 0.89393 0.5307066666666667 0.01782 0.06258666666666667
0 0.43854 0.5406666666666666 0.03252 0.09845333333333334
0 0.741 0.5386666666666666 0.514 0.16533333333333333
