0 0.546578125 0.82453125 0.11296874999999999 0.34627083333333336
0 0.305609375 0.78859375 0.090125 0.37535416666666666
0 0.368109375 0.79628125 0.074375 0.25485416666666666
0 0.45336718749999994 0.8381979166666668 0.084265625 0.2561875
0 0.5426953125 0.5842708333333333 0.07079687500000001 0.13483333333333333
0 0.10404687500000001 0.7319583333333333 0.10353125 0.1565
0 0.68159375 0.8328854166666666 0.10600000000000001 0.3342291666666667
0 0.7575859375 0.7763541666666668 0.08820312500000001 0.38512500000000005
0 0.80640625 0.7435520833333332 0.0635 0.32539583333333333
0 0.8391953125 0.7008333333333333 0.051109375 0.22870833333333335
0 0.712984375 0.650375 0.041031250000000005 0.10379166666666667
0 0.23535937499999998 0.8256354166666667 0.1545625 0.34872916666666665
0 0.386 0.6898854166666666 0.049375 0.1104375
0 0.49921875 0.5 0.9984375 0.9958333333333333
