0 0.33160937500000004 0.6009368191721133 0.017249999999999998 0.033464052287581696
0 0.37564843750000004 0.6025599128540304 0.023015625 0.039847494553376904
0 0.3571875 0.5978213507625272 0.012625 0.04169934640522876
0 0.39597656249999996 0.6030827886710239 0.017890625 0.03540305010893246
0 0.03375 0.6217102396514161 0.01934375 0.07753812636165579
0 0.3633984375 0.598769063180828 0.013859374999999998 0.0426797385620915
0 0.12237499999999998 0.5926252723311548 0.01846875 0.027690631808278868
0 0.0936015625 0.5908169934640523 0.008421874999999999 0.022984749455337693
0 0.2544765625 0.5954357298474946 0.024671875 0.03701525054466231
0 0.10842968750000001 0.5971350762527234 0.014140625 0.017625272331154684
