0 0.2748125 0.4729391100702576 0.15953124999999999 0.5254566744730679
0 0.6260546875 0.47084309133489466 0.303671875 0.4304918032786885
0 0.9276250000000001 0.8067096018735364 0.14475 0.36466042154566747
0 0.214796875 0.5842388758782202 0.09134375 0.39672131147540984
0 0.08262499999999999 0.9345081967213114 0.03071875 0.10114754098360655
0 0.064796875 0.9528571428571428 0.034625 0.09428571428571428
0 0.914953125 0.6429391100702577 0.08346875000000001 0.2070023419203747
0 0.9861171875 0.5737236533957846 0.027765625 0.11667447306791569
0 0.11271875 0.9462412177985949 0.04478125 0.1032552693208431
0 0.0244296875 0.9454683840749415 0.048859375 0.1090632318501171
0 0.049453125 0.9283021077283372 0.0195625 0.0797423887587822
0 0.09171875 0.9128571428571428 0.0190625 0.029414519906323187
0 0.02728125 0.893407494145199 0.01940625 0.028079625292740048
