0 0.638625 0.7207265625 0.08371875 0.20792187499999998
0 0.45162499999999994 0.6788359375 0.0496875 0.128421875
0 0.18351562500000002 0.681203125 0.05190625 0.10546875
0 0.07696875 0.690953125 0.04915625 0.13753125
0 0.02809375 0.6886640625 0.054000000000000006 0.151484375
0 0.740203125 0.672828125 0.04496875 0.1034375
0 0.5176796875 0.6633749999999999 0.019828125 0.0663125
0 0.376609375 0.6700234375 0.036843749999999995 0.077390625
0 0.6384218749999999 0.6406953125 0.0201875 0.024515625
0 0.9643828125 0.6637031250000001 0.036609375 0.11187499999999999
0 0.26077343750000004 0.65946875 0.0064218750000000005 0.018562500000000003
0 0.6852734375 0.6816875 0.034265625 0.07359375
0 0.769765625 0.6699843750000001 0.03259375 0.10353125
0 0.35234375 0.66328125 0.4890625 0.0921875
