0 0.583265625 0.473169014084507 0.24059375 0.5252582159624413
0 0.7310859375 0.18082159624413147 0.293234375 0.14845070422535211
0 0.7389140625 0.7235915492957746 0.281203125 0.1707981220657277
0 0.733109375 0.9033098591549296 0.27912499999999996 0.14469483568075117
0 0.7501171875 0.06032863849765258 0.295265625 0.1196713615023474
0 0.7015156250000001 0.13215962441314555 0.072625 0.04826291079812206
0 0.7988593749999999 0.3032276995305165 0.18428125 0.14392018779342725
0 0.7590546874999999 0.5820070422535212 0.316265625 0.13715962441314553
0 0.718046875 0.420481220657277 0.0240625 0.03227699530516432
0 0.8741640625 0.12568075117370892 0.050203125 0.0568075117370892
0 0.7978125 0.48120892018779343 0.19025 0.1385680751173709
