0 0.36490625 0.9655 0.022375 0.06870833333333333
0 0.15009375 0.9555729166666665 0.025656250000000002 0.07560416666666667
0 0.1011484375 0.9606458333333333 0.033359375000000004 0.07754166666666666
0 0.2098515625 0.9612916666666667 0.009578125 0.03858333333333333
0 0.554484375 0.9706041666666667 0.0314375 0.05716666666666667
0 0.4146640625 0.9722916666666667 0.043421875 0.043000000000000003
0 0.5304765625 0.98365625 0.018546874999999997 0.0306875
0 0.50184375 0.9794895833333334 0.01984375 0.03872916666666667
0 0.33909374999999997 0.974875 0.02071875 0.05025
0 0.23288281250000004 0.9683854166666667 0.009953125 0.03847916666666666
0 0.6953281250000001 0.9748958333333333 0.042875 0.04879166666666667
0 0.3084921875 0.96703125 0.012078125 0.0659375
0 0.22198437499999998 0.9642916666666667 0.01171875 0.0405
0 0.44453125 0.940625 0.8859375 0.11458333333333333
