0 0.9141796874999999 0.24242708333333335 0.050828125 0.14972916666666666
0 0.09109375 0.20921874999999998 0.049625 0.16510416666666666
0 0.1175546875 0.20603125 0.018953125 0.09297916666666667
0 0.041953125 0.20848958333333334 0.044656249999999995 0.16339583333333335
0 0.1756953125 0.21560416666666668 0.051546875000000006 0.1557083333333333
0 0.25494531249999997 0.18805208333333334 0.030015625 0.05872916666666667
0 0.291734375 0.17765625 0.020749999999999998 0.041229166666666664
0 0.88559375 0.23479166666666668 0.036375000000000005 0.11808333333333333
0 0.1345078125 0.20847916666666666 0.019140625 0.08954166666666666
0 0.211375 0.19168749999999998 0.028187499999999997 0.07158333333333333
0 0.2347734375 0.17985416666666668 0.018953125 0.04466666666666667
0 0.9479296875 0.24225 0.028296875 0.091875
0 0.07275781249999999 0.19474999999999998 0.015109375 0.072875
