0 0.46167187499999995 0.4204683840749415 0.16793750000000002 0.4170023419203747
0 0.6462578125 0.4862177985948478 0.059140625 0.2929976580796253
0 0.7508281250000001 0.550128805620609 0.024406249999999997 0.10138173302107728
0 0.8122109375000001 0.5710304449648712 0.037546875 0.09016393442622951
0 0.8663359375 0.48517564402810304 0.085890625 0.2624824355971897
0 0.9143046874999999 0.5732903981264638 0.037984375 0.08325526932084308
0 0.9332578125 0.5696370023419204 0.053078125 0.08601873536299764
0 0.38347656249999995 0.5277400468384075 0.096328125 0.37786885245901636
0 0.7122578125000001 0.5034894613583139 0.051859375 0.137423887587822
0 0.3285078125 0.5723653395784544 0.027921875000000002 0.11826697892271663
0 0.10958593749999998 0.584648711943794 0.052296875 0.0807728337236534
0 0.061726562500000005 0.5710421545667448 0.038703125 0.10653395784543326
0 0.29215625 0.5693793911007026 0.03021875 0.13313817330210773
0 0.675 0.5339578454332553 0.646875 0.2107728337236534
