0 0.44702 0.6703823529411765 0.037 0.16158823529411764
0 0.46503999999999995 0.693264705882353 0.01828 0.07623529411764707
0 0.89122 0.6708235294117647 0.03204 0.04923529411764706
0 0.34391000000000005 0.6317058823529412 0.02646 0.051470588235294115
0 0.86386 0.6729705882352941 0.01896 0.05105882352941176
0 0.39161 0.6450735294117647 0.02822 0.08732352941176472
0 0.32462 0.625014705882353 0.023 0.04538235294117647
0 0.37821 0.6665735294117647 0.01678 0.034029411764705884
0 0.93625 0.6719264705882353 0.03362 0.05008823529411765
0 0.91484 0.670264705882353 0.014199999999999999 0.04811764705882353
