0 0.327046875 0.29858674463937623 0.045156249999999995 0.07619883040935674
0 0.19135156250000002 0.8670760233918129 0.126234375 0.2658479532163743
0 0.2690390625 0.882056530214425 0.111296875 0.23588693957115012
0 0.3926796875 0.8831481481481481 0.226953125 0.21124756335282652
0 0.589359375 0.9038499025341131 0.179125 0.1923001949317739
0 0.7055781250000001 0.8859844054580897 0.10500000000000001 0.2277972709551657
0 0.8321562499999999 0.9471832358674463 0.17128125 0.1056335282651072
0 0.948140625 0.8857797270955167 0.10371875 0.2258674463937622
0 0.08490625 0.9090058479532164 0.05703125 0.18198830409356725
0 0.8923515625 0.8805750487329435 0.043453124999999995 0.11374269005847953
0 0.832671875 0.8661013645224171 0.078375 0.07610136452241716
0 0.7473828125 0.8614912280701754 0.050484375000000005 0.0758869395711501
0 0.9714375000000001 0.9473684210526315 0.057125 0.10526315789473684
0 0.64375 0.6052631578947368 0.415625 0.6101364522417154
