0 0.687734375 0.4847764705882353 0.0165 0.02592941176470588
0 0.6017421875 0.4843647058823529 0.010828125 0.018000000000000002
0 0.53078125 0.4863294117647059 0.010624999999999999 0.013505882352941177
0 0.6324296875 0.4862470588235294 0.014140625 0.020352941176470588
0 0.5141953125000001 0.48202352941176474 0.026078125 0.018823529411764704
0 0.5804765625 0.48294117647058826 0.018609375 0.02103529411764706
0 0.6595546875 0.4833411764705882 0.014703125000000001 0.022494117647058824
0 0.4955078125 0.484435294117647 0.003984375 0.013811764705882353
0 0.4447421875 0.47737647058823535 0.016359375000000002 0.022282352941176472
0 0.487796875 0.48407058823529414 0.0115625 0.013788235294117648
0 0.5542890625 0.48254117647058825 0.011234375000000001 0.020988235294117648
0 0.476125 0.4844 0.007781250000000001 0.013129411764705883
