0 0.6709066666666667 0.40782999999999997 0.36634666666666665 0.38489999999999996
0 0.39250666666666667 0.49101 0.4434666666666667 0.54606
0 0.6944000000000001 0.25959000000000004 0.09087999999999999 0.07393999999999999
0 0.061426666666666664 0.39588999999999996 0.12285333333333333 0.39122
0 0.23388 0.33582 0.10872000000000001 0.21416
0 0.33604 0.25258 0.048080000000000005 0.06856
0 0.25490666666666667 0.27268000000000003 0.07754666666666667 0.10608
0 0.16161333333333333 0.31851 0.07314666666666667 0.14698
0 0.55528 0.24933000000000002 0.017226666666666668 0.04486
0 0.6364933333333334 0.26371 0.024826666666666667 0.06878000000000001
0 0.9076933333333334 0.26502 0.03682666666666667 0.06172
0 0.13113333333333332 0.22737000000000002 0.03410666666666667 0.028059999999999998
0 0.35710666666666663 0.27413 0.08696 0.08990000000000001
0 0.568 0.268 0.13333333333333333 0.08
