0 0.7569921875000001 0.7656440281030445 0.14745312500000002 0.46871194379391096
0 0.303609375 0.702248243559719 0.1394375 0.595503512880562
0 0.19865625000000003 0.697751756440281 0.1304375 0.6
0 0.106296875 0.6879976580796252 0.10187500000000001 0.5459718969555035
0 0.943375 0.5060421545667447 0.02653125 0.05798594847775176
0 0.052445312499999994 0.49977751756440286 0.041234375000000004 0.17131147540983607
0 0.33896875 0.48135831381733024 0.03328125 0.10370023419203747
0 0.05671875 0.723430913348946 0.1134375 0.5531381733021077
0 0.48136718749999996 0.6512177985948477 0.091046875 0.3982201405152225
0 0.389046875 0.6819789227166276 0.0864375 0.45173302107728336
0 0.9667421875000001 0.7560421545667447 0.064296875 0.48473067915690865
