0 0.2720390625 0.5143233082706767 0.086734375 0.22278195488721805
0 0.18134375 0.5068546365914787 0.045906249999999996 0.1942606516290727
0 0.32410937500000003 0.4425062656641604 0.0245625 0.05398496240601504
0 0.947078125 0.48422305764411033 0.012687499999999999 0.07080200501253132
0 0.511703125 0.4091604010025063 0.013343749999999998 0.027092731829573936
0 0.9312890625 0.4869298245614035 0.017234375 0.05325814536340852
0 0.9655937499999998 0.48385964912280705 0.0193125 0.06260651629072682
0 0.6472734375 0.4468671679197995 0.039796874999999995 0.086265664160401
0 0.6715703125 0.4577318295739348 0.020609375 0.07932330827067668
0 0.580828125 0.43780701754385964 0.014812500000000001 0.0418295739348371
