0 0.9036015624999999 0.9127083333333332 0.0064218750000000005 0.050875000000000004
0 0.825859375 0.8932916666666667 0.00871875 0.018708333333333334
0 0.7759765625 0.89753125 0.009171875 0.01627083333333333
0 0.9941875000000001 0.8972604166666667 0.01115625 0.057854166666666665
0 0.9728671875 0.8959479166666667 0.007921875 0.0119375
0 0.866578125 0.9012916666666667 0.01203125 0.017916666666666668
0 0.8757109374999998 0.899875 0.007546875 0.016791666666666667
0 0.854703125 0.8995 0.01165625 0.014333333333333333
0 0.910796875 0.90390625 0.008624999999999999 0.0255625
0 0.664296875 0.88525 0.00484375 0.014041666666666668
0 0.9420234375 0.9243645833333333 0.023546875000000002 0.10747916666666667
0 0.9614609375000001 0.8943854166666667 0.0062656249999999995 0.0201875
0 0.688453125 0.8865833333333334 0.0039375 0.016708333333333332
0 0.628125 0.9135416666666667 0.740625 0.10625
