0 0.26687500000000003 0.6303395784543325 0.33284375 0.7393208430913348
0 0.6572734375 0.49891100702576113 0.159703125 0.4356674473067916
0 0.3943125 0.49437939110070256 0.1469375 0.2292271662763466
0 0.300203125 0.3060304449648712 0.0693125 0.18067915690866512
0 0.44032031250000003 0.32149882903981264 0.10357812500000001 0.253536299765808
0 0.49889843749999996 0.2599882903981265 0.052015624999999996 0.12583138173302108
0 0.661203125 0.22312646370023417 0.039218750000000004 0.07796252927400468
0 0.9290078124999999 0.2832084309133489 0.095359375 0.17850117096018736
0 0.838859375 0.30785714285714283 0.1484375 0.24269320843091333
0 0.765546875 0.2743325526932084 0.116375 0.23334894613583138
0 0.7311875 0.23434426229508196 0.04596875 0.09857142857142857
0 0.2518359375 0.25930913348946133 0.044453124999999996 0.11149882903981265
0 0.7097187500000001 0.3895081967213115 0.111625 0.3081967213114754
0 0.49921875 0.5140515222482436 0.9984375 0.9484777517564403
