0 0.638015625 0.4369331983805668 0.11821875 0.3490890688259109
0 0.4648125 0.17739878542510124 0.18031250000000001 0.28289473684210525
0 0.1804453125 0.7843319838056679 0.219296875 0.3378137651821862
0 0.3399765625 0.7158502024291498 0.180390625 0.46542510121457487
0 0.41204687500000003 0.8257186234817815 0.17528125 0.2418016194331984
0 0.7841640625 0.6363259109311741 0.015828125000000002 0.059817813765182186
0 0.8035781249999999 0.5432692307692307 0.019875 0.04224696356275304
0 0.5248984375 0.44710526315789473 0.110328125 0.19251012145748986
0 0.5417343750000001 0.6306882591093117 0.08353125 0.059554655870445346
0 0.0661640625 0.4935121457489879 0.132328125 0.493502024291498
