0 0.49714843749999993 0.6950533049040513 0.121359375 0.4554371002132196
0 0.8879609374999999 0.6376972281449893 0.087296875 0.2326226012793177
0 0.7353984375 0.5872068230277185 0.068109375 0.1299360341151386
0 0.1253359375 0.5614818763326227 0.051609375 0.1496588486140725
0 0.4175703125 0.588454157782516 0.059484375 0.1714498933901919
0 0.3686328125 0.5131236673773987 0.011484375 0.056823027718550106
0 0.663796875 0.5378891257995735 0.017 0.0944136460554371
0 0.706046875 0.5548187633262259 0.026500000000000003 0.104818763326226
0 0.7336640625 0.5161194029850746 0.031359375 0.06823027718550106
0 0.6017343749999999 0.5307356076759062 0.02390625 0.09328358208955224
0 0.55053125 0.5274733475479744 0.0224375 0.08402985074626865
0 0.5319609375 0.519179104477612 0.015203125000000001 0.04185501066098081
0 0.5931875000000001 0.5298720682302772 0.0128125 0.06976545842217484
0 0.42265625 0.4925373134328358 0.2171875 0.13219616204690832
