0 0.4865390625 0.6383138173302108 0.31629687500000003 0.5812177985948478
0 0.3429453125 0.500503512880562 0.11885937499999999 0.44147540983606554
0 0.1482421875 0.4739227166276347 0.100171875 0.41079625292740046
0 0.1757421875 0.2749531615925059 0.044953125 0.0905152224824356
0 0.2845 0.27572599531615927 0.043187500000000004 0.07304449648711944
0 0.3651328125 0.22024590163934424 0.032296875 0.09744730679156909
0 0.4575937499999999 0.2150585480093677 0.055343750000000004 0.12740046838407493
0 0.49251562499999996 0.17471896955503513 0.05846875 0.13707259953161594
0 0.542015625 0.24810304449648712 0.08640624999999999 0.15189695550351287
0 0.66065625 0.1561592505854801 0.04478125 0.1161592505854801
0 0.252671875 0.310327868852459 0.05759375 0.11072599531615926
0 0.626359375 0.4114519906323185 0.05915625 0.08594847775175644
0 0.183828125 0.1625175644028103 0.04115625 0.13014051522248243
0 0.5 0.2259953161592506 0.996875 0.4519906323185012
