0 0.36741999999999997 0.3337087087087087 0.15116 0.5191291291291291
0 0.64799 0.49800300300300304 0.09698000000000001 0.20513513513513515
0 0.78393 0.5132282282282282 0.06114 0.15570570570570572
0 0.8975599999999999 0.45635135135135135 0.03052 0.1581081081081081
0 0.7214299999999999 0.3368318318318318 0.04126 0.12519519519519517
0 0.67542 0.3396546546546546 0.03696 0.13234234234234235
0 0.64038 0.3411561561561562 0.03436 0.12387387387387387
0 0.59773 0.33782282282282283 0.036539999999999996 0.12651651651651652
0 0.53599 0.33463963963963966 0.039299999999999995 0.12405405405405406
0 0.8486 0.3438738738738739 0.02296 0.03687687687687687
0 0.9260200000000001 0.3644744744744745 0.02088 0.08156156156156157
