0 0.8043906249999999 0.5927031250000001 0.1275 0.35284375
0 0.6865078125 0.4929140625 0.024265625 0.091921875
0 0.671578125 0.4911875 0.02134375 0.096875
0 0.7322734375000001 0.4691328125 0.025953125 0.036515625
0 0.75725 0.4741171875 0.025343749999999998 0.054890625000000005
0 0.7285234375 0.5007578125000001 0.029796875 0.051515624999999995
0 0.8387968750000001 0.4454296875 0.020749999999999998 0.033546875
0 0.058328124999999995 0.49703125000000004 0.03640625 0.10293749999999999
0 0.7072421875 0.48382031250000007 0.030328125 0.094671875
0 0.6250703124999999 0.5050390625000001 0.037203125 0.15342187499999999
0 0.848625 0.4939296875 0.031406250000000004 0.089984375
