0 0.37978125 0.5101058823529412 0.410375 0.9572941176470589
0 0.6655546875 0.3386352941176471 0.208921875 0.6202352941176471
0 0.189515625 0.30157647058823533 0.1343125 0.3573176470588236
0 0.031515625 0.16245882352941177 0.062281249999999996 0.2404
0 0.026453125 0.25163529411764707 0.05234375 0.2586117647058823
0 0.9514140624999999 0.4797764705882353 0.09717187499999999 0.9595529411764706
0 0.8565859375 0.21698823529411765 0.127765625 0.31463529411764707
0 0.5882499999999999 0.12605882352941175 0.06940625 0.24783529411764704
0 0.7659062499999999 0.2592235294117647 0.1323125 0.44950588235294114
0 0.0392578125 0.7482000000000001 0.078515625 0.4226117647058824
