0 0.4161328125 0.5215104166666668 0.367734375 0.9569791666666667
0 0.582703125 0.41529166666666667 0.0988125 0.490875
0 0.7372421875 0.43463541666666666 0.149578125 0.5932708333333333
0 0.8912578124999999 0.39848958333333334 0.11204687499999999 0.36781250000000004
0 0.9637968750000001 0.34428125 0.07153125 0.30414583333333334
0 0.988484375 0.3455729166666667 0.02303125 0.2587291666666667
0 0.7971171874999999 0.2235208333333333 0.015328125000000001 0.03875
0 0.7713828125 0.21889583333333332 0.016046875 0.03145833333333333
0 0.782546875 0.22483333333333333 0.01071875 0.026625
0 0.8231484374999999 0.231375 0.020390625000000002 0.03191666666666667
