0 0.6589296874999999 0.6999038461538463 0.023328124999999998 0.17490384615384616
0 0.6908437500000001 0.654639423076923 0.018875 0.146875
0 0.4832187500000001 0.723173076923077 0.01690625 0.17298076923076922
0 0.40940624999999997 0.6444951923076924 0.009375 0.03350961538461538
0 0.25930468749999996 0.6404326923076924 0.013015625 0.08730769230769231
0 0.9624218750000001 0.7204567307692307 0.02815625 0.07360576923076924
0 0.5961093749999999 0.6569471153846155 0.01328125 0.12177884615384614
0 0.534796875 0.6575480769230769 0.008875 0.03778846153846154
0 0.119953125 0.802548076923077 0.027250000000000003 0.042980769230769225
0 0.33366406249999997 0.6985336538461537 0.018484375 0.06081730769230769
0 0.21246874999999998 0.6534134615384615 0.01034375 0.034326923076923074
0 0.5739765625 0.6787980769230769 0.014484374999999999 0.11249999999999999
0 0.009171875 0.7414663461538461 0.00821875 0.026490384615384614
0 0.12265625 0.7355769230769231 0.1203125 0.22115384615384615
