0 0.55090625 0.6167259414225942 0.22234375 0.5002301255230126
0 0.636296875 0.3101673640167364 0.05225 0.15100418410041844
0 0.5021875 0.29900627615062764 0.02853125 0.10106694560669456
0 0.846453125 0.3006799163179916 0.061968749999999996 0.16805439330543934
0 0.7658359375 0.3386715481171548 0.066859375 0.1734937238493724
0 0.8193828125000001 0.29303347280334724 0.035828125 0.15606694560669454
0 0.7044296875 0.31782426778242684 0.045828125 0.12564853556485356
0 0.8106015624999999 0.1919979079497908 0.006765625 0.01809623430962343
0 0.7415546875000001 0.3240167364016736 0.032796874999999996 0.14435146443514643
0 0.5843906249999999 0.311244769874477 0.04925 0.14889121338912134
