0 0.13072656249999998 0.5574355971896956 0.027703125000000002 0.07978922716627634
0 0.0407421875 0.8300585480093677 0.067640625 0.33988290398126464
0 0.30735156249999995 0.7258430913348947 0.11095312500000001 0.3100936768149883
0 0.0693828125 0.6026697892271663 0.044703124999999996 0.09676814988290398
0 0.10110156249999999 0.5608782201405152 0.047734375 0.10259953161592507
0 0.156390625 0.620327868852459 0.052375000000000005 0.1628103044496487
0 0.1554375 0.5108430913348946 0.048625 0.11428571428571428
0 0.17121875 0.44806791569086646 0.02715625 0.11290398126463701
0 0.06879687500000001 0.7573770491803278 0.04921875 0.3072131147540984
0 0.23036718750000001 0.48711943793911006 0.026984374999999998 0.1189695550351288
0 0.018546874999999997 0.6063700234192038 0.036843749999999995 0.11639344262295083
0 0.3093671875 0.3862177985948478 0.026703125 0.10644028103044498
0 0.0206328125 0.6987704918032787 0.039328125000000005 0.17117096018735364
0 0.48125 0.5023419203747073 0.959375 0.6206088992974239
