0 0.7863046875 0.4819835680751174 0.079453125 0.20946009389671363
0 0.5186484375 0.4685328638497653 0.040890625 0.11161971830985915
0 0.3888828125 0.45239436619718315 0.034078125 0.11788732394366197
0 0.35783593750000003 0.455387323943662 0.035640624999999995 0.09485915492957746
0 0.3125078125 0.4637676056338028 0.030578125 0.1054225352112676
0 0.15665625 0.4557042253521127 0.013375000000000001 0.06150234741784037
0 0.2508828125 0.45680751173708917 0.015828125000000002 0.07464788732394366
0 0.10799999999999998 0.45028169014084507 0.0233125 0.11164319248826292
0 0.1965390625 0.44907276995305156 0.027609375000000002 0.09556338028169015
0 0.020078125 0.42509389671361497 0.04015625 0.34840375586854455
0 0.46228125000000003 0.46275821596244127 0.041749999999999995 0.11180751173708921
0 0.2900703125 0.4633333333333334 0.018890625 0.0812206572769953
0 0.09521093750000001 0.4499295774647887 0.020984375 0.11032863849765258
0 0.23984375 0.45305164319248825 0.0734375 0.09389671361502347
