0 0.6561484375 0.5624295774647887 0.062296874999999995 0.28241784037558687
0 0.5200546875000001 0.5098826291079812 0.108171875 0.31539906103286386
0 0.8449296875 0.4877582159624413 0.08351562500000001 0.48176056338028167
0 0.9594453125 0.3282981220657277 0.028109375 0.14077464788732394
0 0.076953125 0.6254342723004694 0.08221875 0.3563145539906103
0 0.527109375 0.36805164319248823 0.01934375 0.07056338028169014
0 0.5969921874999999 0.37728873239436617 0.018328125 0.10504694835680752
0 0.8753203125000001 0.29889671361502346 0.026078125 0.06887323943661972
0 0.8178750000000001 0.35781690140845074 0.0225625 0.10131455399061032
0 0.3831640625 0.5568896713615024 0.11085937500000001 0.3282863849765258
0 0.1181640625 0.42808685446009387 0.050859375 0.1730281690140845
0 0.6851484375 0.34169014084507043 0.030328125 0.1316901408450704
0 0.42731250000000004 0.38799295774647885 0.021406249999999998 0.09448356807511737
0 0.7171875 0.3086854460093897 0.33125 0.08685446009389672
