0 0.5976880877742946 0.3426484375 0.24098746081504702 0.574015625
0 0.44845611285266457 0.24476562500000001 0.07161442006269592 0.12721875
0 0.3881034482758621 0.235546875 0.05122257053291536 0.09025
0 0.10683385579937303 0.346453125 0.0761755485893417 0.147875
0 0.16386363636363638 0.35660156249999997 0.06851097178683385 0.164484375
0 0.15781347962382444 0.25370312500000003 0.06713166144200626 0.11025
0 0.018534482758620692 0.4146328125 0.03559561128526646 0.15035937500000002
0 0.8810971786833856 0.386328125 0.08507836990595612 0.133625
0 0.7526018808777429 0.3794765625 0.08307210031347963 0.11264062500000001
0 0.8505956112852665 0.3012734375 0.0703448275862069 0.103640625
0 0.09741379310344828 0.27921093750000003 0.06987460815047021 0.157296875
0 0.8133620689655172 0.4008828125 0.0643730407523511 0.154984375
0 0.9212225705329153 0.33832031249999994 0.06605015673981192 0.167234375
0 0.4945141065830721 0.24609375 0.9890282131661442 0.4921875
